,-3.23,-4.39
-0.88,1.63,67.02,81.00,-60.00,4.00,-27.00,8.00,278.00,1.81,-0.20,-2.43,-0.97,1.57,66.98,-28.44,-18.19,1019.41,2.44,-3.17,-4.46
-0.88,1.63,67.02,81.00,-60.00,4.00,-27.00,8.00,278.00,1.81,-0.20,-2.43,-1.06,1.53,66.93,-27.95,-18.68,1021.48,2.38,-3.17,-4.46
-1.06,1.53,66.93,84.00,-57.00,4.00,-26.00,8.00,277.00,1.81,-0.20,-2.43,-1.07,1.61,66.89,-28.32,-19.17,1021.73,2.44,-3.17,-4.39
-1.06,1.53,66.93,84.00,-57.00,4.00,-26.00,8.00,277.00,1.81,-0.20,-2.43,-1.07,1.61,66.89,-28.32,-19.17,1021.73,2.44,-3.17,-4.39
-1.07,1.61,66.89,74.00,-62.00,5.00,-27.00,8.00,277.00,1.81,-0.20,-2.43,-1.14,1.63,66.85,-28.69,-19.17,1021.48,2.38,-3.17,-4.39
-1.07,1.61,66.89,74.00,-62.00,5.00,-27.00,8.00,277.00,1.81,-0.20,-2.43,-1.02,1.55,66.81,-28.32,-18.68,1021.36,2.38,-3.17,-4.39
-1.02,1.55,66.81,91.00,-56.00,1.00,-26.00,8.00,278.00,1.81,-0.20,-2.43,-1.01,1.63,66.77,-28.56,-18.31,1021.85,2.32,-3.11,-4.39
-1.02,1.55,66.81,91.00,-56.00,1.00,-26.00,8.00,278.00,1.81,-0.20,-2.43,-0.93,1.51,66.73,-28.93,-17.94,1023.19,2.32,-3.11,-4.46
-0.93,1.51,66.73,70.00,-61.00,7.00,-27.00,9.00,278.00,1.81,-0.20,-2.43,-1.00,1.54,66.68,-28.32,-18.80,1020.14,2.38,-3.23,-4.46
-0.93,1.51,66.73,70.00,-61.00,7.00,-27.00,9.00,278.00,1.81,-0.20,-2.43,-1.00,1.62,66.64,-29.05,-18.19,1021.61,2.38,-3.11,-4.39
-1.00,1.62,66.64,91.00,-61.00,4.00,-26.00,7.00,280.00,1.81,-0.20,-2.43,-1.06,1.66,66.59,-29.05,-18.07,1022.95,2.38,-3.17,-4.46
-1.00,1.62,66.64,91.00,-61.00,4.00,-26.00,7.00,280.00,1.81,-0.20,-2.43,-1.07,1.53,66.55,-28.08,-19.41,1021.97,2.32,-3.11,-4.46
-1.07,1.53,66.55,92.00,-50.00,4.00,-27.00,8.00,279.00,1.81,-0.20,-2.43,-1.09,1.60,66.51,-27.95,-19.41,1019.90,2.44,-3.23,-4.39
-1.07,1.53,66.55,92.00,-50.00,4.00,-27.00,8.00,279.00,1.81,-0.20,-2.43,-1.01,1.65,66.47,-28.81,-19.29,1021.48,2.44,-3.23,-4.39
-1.01,1.65,66.47,84.00,-57.00,3.00,-26.00,7.00,279.00,1.81,-0.20,-2.43,-0.94,1.72,66.43,-30.40,-17.58,1023.07,2.44,-3.23,-4.39
-1.01,1.65,66.47,84.00,-57.00,3.00,-26.00,7.00,279.00,1.81,-0.20,-2.43,-1.02,1.65,66.38,-30.03,-18.43,1021.48,2.38,-3.17,-4.46
-1.02,1.65,66.38,69.00,-53.00,3.00,-26.00,9.00,276.00,1.81,-0.20,-2.43,-0.89,1.61,66.34,-29.42,-17.94,1021.36,2.32,-3.17,-4.46
-1.02,1.65,66.38,69.00,-53.00,3.00,-26.00,9.00,276.00,1.81,-0.20,-2.43,-0.97,1.56,66.30,-28.44,-17.33,1021.12,2.38,-3.23,-4.46
-0.97,1.56,66.30,83.00,-68.00,4.00,-27.00,8.00,277.00,1.81,-0.20,-2.43,-0.97,1.63,66.25,-28.93,-17.58,1020.75,2.44,-3.30,-4.46
-0.97,1.56,66.30,83.00,-68.00,4.00,-27.00,8.00,277.00,1.81,-0.20,-2.43,-0.88,1.52,66.21,-28.81,-17.09,1023.32,2.44,-3.17,-4.39
-0.88,1.52,66.21,86.00,-56.00,5.00,-26.00,8.00,279.00,1.81,-0.20,-2.43,-0.93,1.57,66.17,-29.54,-17.70,1022.46,2.44,-3.17,-4.39
-0.88,1.52,66.21,86.00,-56.00,5.00,-26.00,8.00,279.00,1.81,-0.20,-2.43,-1.02,1.55,66.13,-28.20,-19.65,1022.09,2.44,-3.11,-4.39
-1.02,1.55,66.13,83.00,-65.00,4.00,-28.00,7.00,278.00,1.81,-0.20,-2.43,-1.09,1.58,66.08,-28.32,-19.29,1021.36,2.44,-3.11,-4.39
-1.02,1.55,66.13,83.00,-65.00,4.00,-28.00,7.00,278.00,1.81,-0.20,-2.43,-0.97,1.59,66.04,-28.32,-18.92,1021.36,2.32,-3.11,-4.46
-0.97,1.59,66.04,90.00,-44.00,7.00,-27.00,8.00,278.00,1.81,-0.20,-2.43,-0.92,1.67,66.00,-28.69,-17.21,1023.32,2.50,-3.23,-4.39
-0.97,1.59,66.04,90.00,-44.00,7.00,-27.00,8.00,278.00,1.81,-0.20,-2.43,-0.97,1.72,65.96,-30.40,-16.97,1021.61,2.44,-3.30,-4.52
-0.97,1.72,65.96,81.00,-51.00,6.00,-26.00,8.00,278.00,1.81,-0.20,-2.43,-0.95,1.57,65.91,-29.05,-17.33,1021.73,2.32,-3.11,-4.52
-0.97,1.72,65.96,81.00,-51.00,6.00,-26.00,8.00,278.00,1.81,-0.20,-2.43,-0.88,1.64,65.87,-28.93,-16.48,1020.87,2.38,-3.30,-4.46
-0.88,1.64,65.87,86.00,-66.00,2.00,-25.00,7.00,279.00,1.81,-0.20,-2.43,-0.95,1.56,65.83,-28.20,-17.58,1021.00,2.44,-3.17,-4.33
-0.88,1.64,65.87,86.00,-66.00,2.00,-25.00,7.00,279.00,1.81,-0.20,-2.43,-0.96,1.63,65.79,-29.66,-17.46,1020.39,2.38,-3.11,-4.33
-0.96,1.63,65.79,79.00,-70.00,2.00,-26.00,8.00,277.00,1.81,-0.20,-2.43,-1.04,1.57,65.74,-28.56,-18.80,1021.73,2.44,-3.11,-4.39
-0.96,1.63,65.79,79.00,-70.00,2.00,-26.00,8.00,277.00,1.81,-0.20,-2.43,-1.10,1.61,65.70,-28.56,-19.17,1021.85,2.44,-3.17,-4.39
-1.10,1.61,65.70,90.00,-59.00,4.00,-26.00,9.00,279.00,1.81,-0.20,-2.43,-1.04,1.69,65.66,-29.79,-19.17,1020.26,2.38,-3.23,-4.52
-1.10,1.61,65.70,90.00,-59.00,4.00,-26.00,9.00,279.00,1.81,-0.20,-2.43,-1.04,1.69,65.66,-29.79,-19.17,1020.26,2.38,-3.23,-4.52
-1.04,1.69,65.66,97.00,-48.00,5.00,-28.00,8.00,277.00,1.81,-0.20,-2.43,-0.94,1.58,65.62,-29.17,-17.58,1020.87,2.44,-3.30,-4.39
-1.04,1.69,65.66,97.00,-48.00,5.00,-28.00,8.00,277.00,1.81,-0.20,-2.43,-1.02,1.55,65.57,-28.20,-17.33,1022.09,2.38,-3.17,-4.46
-1.02,1.55,65.57,92.00,-61.00,1.00,-27.00,9.00,276.00,1.81,-0.20,-2.43,-0.97,1.63,65.53,-29.30,-17.70,1021.48,2.38,-3.17,-4.39
-1.02,1.55,65.57,92.00,-61.00,1.00,-27.00,9.00,276.00,1.81,-0.20,-2.43,-1.01,1.69,65.49,-29.54,-17.58,1021.00,2.44,-3.17,-4.39
-1.01,1.69,65.49,93.00,-35.00,6.00,-25.00,8.00,278.00,1.81,-0.20,-2.43,-1.02,1.55,65.44,-28.20,-18.55,1020.87,2.44,-3.23,-4.46
-1.01,1.69,65.49,93.00,-35.00,6.00,-25.00,8.00,278.00,1.81,-0.20,-2.43,-0.89,1.51,65.40,-27.59,-17.58,1021.24,2.32,-3.23,-4.46
-0.89,1.51,65.40,115.00,-52.00,2.00,-27.00,8.00,278.00,1.81,-0.20,-2.43,-0.94,1.56,65.36,-28.56,-17.46,1024.17,2.38,-3.11,-4.39
-0.89,1.51,65.40,115.00,-52.00,2.00,-27.00,8.00,278.00,1.81,-0.20,-2.43,-0.94,1.56,65.36,-28.56,-17.46,1024.17,2.38,-3.11,-4.39
-0.94,1.56,65.36,88.00,-53.00,4.00,-26.00,8.00,277.00,1.81,-0.20,-2.43,-0.97,1.62,65.32,-29.42,-17.58,1020.39,2.38,-3.17,-4.39
-0.94,1.56,65.36,88.00,-53.00,4.00,-26.00,8.00,277.00,1.81,-0.20,-2.43,-0.97,1.62,65.32,-29.42,-17.58,1020.39,2.38,-3.17,-4.39
-0.97,1.62,65.32,79.00,-72.00,3.00,-27.00,8.00,277.00,1.81,-0.20,-2.43,-1.06,1.60,65.27,-29.05,-18.43,1022.46,2.44,-3.11,-4.46
-0.97,1.62,65.32,79.00,-72.00,3.00,-27.00,8.00,277.00,1.81,-0.20,-2.43,-1.14,1.61,65.23,-28.69,-19.29,1020.51,2.38,-3.17,-4.52
-1.14,1.61,65.23,57.00,-60.00,9.00,-25.00,8.00,277.00,1.81,-0.20,-2.43,-1.01,1.62,65.19,-29.66,-17.70,1021.48,2.32,-3.17,-4.52
-1.14,1.61,65.23,57.00,-60.00,9.00,-25.00,8.00,277.00,1.81,-0.20,-2.43,-0.91,1.66,65.15,-28.93,-17.94,1021.61,2.38,-3.17,-4.46
-0.91,1.66,65.15,71.00,-62.00,10.00,-26.00,9.00,278.00,1.81,-0.20,-2.43,-0.95,1.54,65.10,-28.56,-17.09,1022.46,2.44,-3.17,-4.39
-0.91,1.66,65.15,71.00,-62.00,10.00,-26.00,9.00,278.00,1.81,-0.20,-2.43,-1.01,1.58,65.06,-27.71,-17.21,1021.73,2.38,-3.17,-4.33
-1.01,1.58,65.06,62.00,-52.00,9.00,-28.00,8.00,277.00,1.81,-0.20,-2.43,-0.89,1.51,65.02,-27.95,-17.46,1020.02,2.44,-3.23,-4.33
-1.01,1.58,65.06,62.00,-52.00,9.00,-28.00,8.00,277.00,1.81,-0.20,-2.43,-0.95,1.55,64.98,-28.69,-17.94,1020.75,2.38,-3.23,-4.39
-0.95,1.55,64.98,90.00,-57.00,6.00,-26.00,8.00,278.00,1.81,-0.20,-2.43,-0.96,1.62,64.93,-29.79,-17.70,1022.58,2.38,-3.11,-4.46
-0.95,1.55,64.98,90.00,-57.00,6.00,-26.00,8.00,278.00,1.81,-0.20,-2.43,-1.05,1.61,64.89,-29.17,-18.43,1021.48,2.38,-3.17,-4.46
-1.05,1.61,64.89,92.00,-58.00,4.00,-26.00,9.00,277.00,1.81,-0.20,-2.43,-1.05,1.69,64.85,-29.54,-18.92,1023.32,2.38,-3.23,-4.46
-1.05,1.61,64.89,92.00,-58.00,4.00,-26.00,9.00,277.00,1.81,-0.20,-2.43,-1.03,1.55,64.80,-27.83,-18.80,1021.61,2.38,-3.30,-4.46
-1.03,1.55,64.80,94.00,-48.00,6.00,-26.00,9.00,278.00,1.81,-0.20,-2.43,-0.95,1.61,64.76,-30.03,-16.72,1021.00,2.50,-3.17,-4.39
-1.03,1.55,64.80,94.00,-48.00,6.00,-26.00,9.00,278.00,1.81,-0.20,-2.43,-1.03,1.58,64.72,-28.81,-18.43,1021.73,2.50,-3.30,-4.39
-1.03,1.58,64.72,89.00,-44.00,3.00,-26.00,8.00,278.00,1.80,-0.20,-2.43,-0.92,1.62,64.68,-29.66,-16.60,1020.75,2.44,-3.17,-4.33
-1.03,1.58,64.72,89.00,-44.00,3.00,-26.00,8.00,278.00,1.80,-0.20,-2.43,-1.01,1.60,64.63,-29.05,-18.31,1021.85,2.44,-3.30,-4.39
-1.01,1.60,64.63,81.00,-58.00,7.00,-27.00,8.00,278.00,1.80,-0.20,-2.43,-1.02,1.67,64.59,-29.05,-18.19,1020.87,2.38,-3.23,-4.39
-1.01,1.60,64.63,81.00,-58.00,7.00,-27.00,8.00,278.00,1.80,-0.20,-2.43,-1.08,1.57,64.55,-28.69,-19.65,1021.61,2.38,-3.17,-4.33
-1.08,1.57,64.55,89.00,-64.00,5.00,-27.00,9.00,278.00,1.80,-0.20,-2.43,-1.04,1.44,64.51,-27.83,-19.29,1023.07,2.50,-3.11,-4.46
-1.08,1.57,64.55,89.00,-64.00,5.00,-27.00,9.00,278.00,1.80,-0.20,-2.43,-1.03,1.51,64.46,-28.20,-18.92,1022.71,2.50,-3.11,-4.46
-1.03,1.51,64.46,84.00,-49.00,8.00,-26.00,8.00,279.00,1.80,-0.20,-2.43,-1.01,1.59,64.42,-28.56,-18.43,1020.26,2.44,-3.17,-4.46
-1.03,1.51,64.46,84.00,-49.00,8.00,-26.00,8.00,279.00,1.80,-0.20,-2.43,-0.95,1.66,64.38,-29.30,-17.70,1022.22,2.38,-3.17,-4.46
-0.95,1.66,64.38,86.00,-54.00,5.00,-26.00,8.00,278.00,1.80,-0.20,-2.43,-0.82,1.59,64.34,-29.42,-16.24,1021.36,2.44,-3.23,-4.39
-0.95,1.66,64.38,86.00,-54.00,5.00,-26.00,8.00,278.00,1.80,-0.20,-2.43,-0.91,1.57,64.30,-28.56,-17.70,1022.71,2.38,-3.23,-4.46
-0.91,1.57,64.30,70.00,-79.00,4.00,-26.00,8.00,278.00,1.80,-0.20,-2.43,-0.96,1.62,64.25,-29.91,-17.94,1023.44,2.38,-3.23,-4.39
-0.91,1.57,64.30,70.00,-79.00,4.00,-26.00,8.00,278.00,1.80,-0.20,-2.43,-1.04,1.62,64.21,-29.54,-19.41,1021.24,2.44,-3.23,-4.39
-1.04,1.62,64.21,86.00,-59.00,5.00,-28.00,9.00,277.00,1.81,-0.20,-2.43,-1.13,1.59,64.16,-28.81,-19.04,1018.92,2.44,-3.17,-4.39
-1.04,1.62,64.21,86.00,-59.00,5.00,-28.00,9.00,277.00,1.81,-0.20,-2.43,-1.01,1.52,64.12,-27.83,-18.68,1020.26,2.44,-3.23,-4.39
-1.01,1.52,64.12,96.00,-42.00,8.00,-27.00,8.00,279.00,1.81,-0.20,-2.43,-1.07,1.56,64.08,-28.20,-19.17,1021.12,2.44,-3.23,-4.46
-1.01,1.52,64.12,96.00,-42.00,8.00,-27.00,8.00,279.00,1.81,-0.20,-2.43,-0.96,1.60,64.04,-29.54,-16.97,1022.95,2.44,-3.17,-4.39
-0.96,1.60,64.04,78.00,-59.00,6.00,-26.00,8.00,277.00,1.81,-0.20,-2.43,-1.03,1.62,64.00,-29.05,-18.07,1021.00,2.44,-3.17,-4.33
-0.96,1.60,64.04,78.00,-59.00,6.00,-26.00,8.00,277.00,1.81,-0.20,-2.43,-0.91,1.55,63.96,-28.69,-17.82,1021.12,2.50,-3.23,-4.39
-0.91,1.55,63.96,113.00,-54.00,0.00,-27.00,8.00,278.00,1.81,-0.20,-2.43,-0.95,1.61,63.91,-29.79,-17.58,1021.97,2.38,-3.23,-4.39
-0.91,1.55,63.96,113.00,-54.00,0.00,-27.00,8.00,278.00,1.81,-0.20,-2.43,-1.02,1.64,63.87,-29.66,-18.31,1022.95,2.38,-3.11,-4.39
-1.02,1.64,63.87,80.00,-55.00,6.00,-27.00,8.00,279.00,1.81,-0.20,-2.43,-0.97,1.50,63.83,-28.44,-17.94,1022.34,2.38,-3.17,-4.52
-1.02,1.64,63.87,80.00,-55.00,6.00,-27.00,8.00,279.00,1.81,-0.20,-2.43,-1.00,1.56,63.78,-29.54,-18.92,1021.12,2.38,-3.23,-4.39
-1.00,1.56,63.78,81.00,-59.00,6.00,-27.00,8.00,278.00,1.81,-0.20,-2.43,-0.99,1.64,63.74,-29.54,-18.07,1021.73,2.44,-3.23,-4.39
-1.00,1.56,63.78,81.00,-59.00,6.00,-27.00,8.00,278.00,1.81,-0.20,-2.43,-0.87,1.66,63.70,-29.42,-17.46,1021.97,2.38,-3.17,-4.52
-0.87,1.66,63.70,85.00,-61.00,3.00,-28.00,8.00,279.00,1.81,-0.20,-2.43,-0.90,1.53,63.66,-28.08,-15.99,1008.42,2.38,-3.17,-4.46
-0.87,1.66,63.70,85.00,-61.00,3.00,-28.00,8.00,279.00,1.81,-0.20,-2.43,-0.80,1.58,63.62,-30.03,-13.18,1013.06,2.44,-3.17,-4.39
-0.80,1.58,63.62,81.00,-76.00,0.00,-26.00,8.00,279.00,1.81,-0.20,-2.43,-0.86,1.63,63.57,-30.15,-15.99,1030.15,2.44,-3.23,-4.39
-0.80,1.58,63.62,81.00,-76.00,0.00,-26.00,8.00,279.00,1.81,-0.20,-2.43,-0.94,1.62,63.53,-29.79,-18.80,1025.27,2.38,-3.17,-4.46
-0.94,1.62,63.53,60.00,-65.00,6.00,-26.00,8.00,277.00,1.81,-0.20,-2.43,-1.03,1.56,63.48,-27.83,-20.63,1020.14,2.38,-3.23,-4.39
-0.94,1.62,63.53,60.00,-65.00,6.00,-26.00,8.00,277.00,1.81,-0.20,-2.43,-1.02,1.64,63.44,-27.95,-18.31,1018.92,2.38,-3.17,-4.39
-1.02,1.64,63.44,84.00,-53.00,6.00,-27.00,7.00,278.00,1.81,-0.20,-2.43,-1.01,1.50,63.40,-27.71,-18.43,1023.19,2.38,-3.17,-4.39
-1.02,1.64,63.44,84.00,-53.00,6.00,-27.00,7.00,278.00,1.81,-0.20,-2.43,-1.02,1.57,63.36,-29.17,-18.68,1021.73,2.44,-3.11,-4.52
-1.02,1.57,63.36,97.00,-52.00,2.00,-26.00,9.00,280.00,1.81,-0.20,-2.43,-1.03,1.64,63.31,-29.30,-18.55,1022.83,2.38,-3.17,-4.46
-1.02,1.57,63.36,97.00,-52.00,2.00,-26.00,9.00,280.00,1.81,-0.20,-2.43,-0.96,1.52,63.27,-28.81,-18.07,1020.26,2.38,-3.17,-4.52
-0.96,1.52,63.27,73.00,-64.00,5.00,-26.00,7.00,279.00,1.81,-0.20,-2.43,-1.00,1.57,63.23,-28.56,-18.31,1018.92,2.38,-3.11,-4.46
-0.96,1.52,63.27,73.00,-64.00,5.00,-26.00,7.00,279.00,1.81,-0.20,-2.43,-0.95,1.64,63.19,-28.69,-17.70,1021.73,2.44,-3.17,-4.46
-0.95,1.64,63.19,77.00,-64.00,6.00,-26.00,8.00,278.00,1.81,-0.20,-2.43,-0.95,1.50,63.14,-28.56,-17.09,1022.22,2.44,-3.23,-4.39
-0.95,1.64,63.19,77.00,-64.00,6.00,-26.00,8.00,278.00,1.81,-0.20,-2.43,-0.95,1.50,63.14,-28.56,-17.09,1022.22,2.44,-3.23,-4.39
-0.95,1.50,63.14,104.00,-51.00,3.00,-27.00,9.00,280.00,1.81,-0.20,-2.43,-1.00,1.56,63.10,-28.69,-18.55,1020.26,2.38,-3.17,-4.46
-0.95,1.50,63.14,104.00,-51.00,3.00,-27.00,9.00,280.00,1.81,-0.20,-2.43,-0.88,1.48,63.06,-27.47,-17.21,1020.51,2.32,-3.17,-4.46
-0.88,1.48,63.06,99.00,-52.00,4.00,-27.00,7.00,279.00,1.81,-0.20,-2.43,-0.90,1.55,63.02,-29.30,-17.09,1021.00,2.38,-3.17,-4.46
-0.88,1.48,63.06,99.00,-52.00,4.00,-27.00,7.00,279.00,1.81,-0.20,-2.43,-0.99,1.56,62.97,-28.32,-17.94,1019.78,2.38,-3.11,-4.46
-0.99,1.56,62.97,63.00,-72.00,6.00,-27.00,8.00,277.00,1.81,-0.20,-2.43,-0.91,1.63,62.93,-28.81,-17.09,1023.56,2.38,-3.17,-4.52
-0.99,1.56,62.97,63.00,-72.00,6.00,-27.00,8.00,277.00,1.81,-0.20,-2.43,-0.99,1.55,62.88,-27.95,-18.80,1022.34,2.38,-3.30,-4.46
-0.99,1.55,62.88,90.00,-44.00,6.00,-27.00,8.00,278.00,1.81,-0.20,-2.43,-1.01,1.62,62.84,-29.05,-18.19,1022.22,2.44,-3.17,-4.46
-0.99,1.55,62.88,90.00,-44.00,6.00,-27.00,8.00,278.00,1.81,-0.20,-2.43,-1.08,1.54,62.80,-28.44,-18.68,1019.53,2.44,-3.23,-4.46
-1.08,1.54,62.80,85.00,-58.00,4.00,-25.00,9.00,279.00,1.81,-0.20,-2.43,-0.96,1.56,62.76,-28.20,-17.82,1021.85,2.38,-3.17,-4.46
-1.08,1.54,62.80,85.00,-58.00,4.00,-25.00,9.00,279.00,1.81,-0.20,-2.43,-0.96,1.56,62.76,-28.20,-17.82,1021.85,2.38,-3.17,-4.46
-0.96,1.56,62.76,88.00,-67.00,0.00,-26.00,9.00,279.00,1.81,-0.20,-2.43,-0.99,1.63,62.71,-28.93,-17.70,1023.07,2.38,-3.17,-4.46
-0.96,1.56,62.76,88.00,-67.00,0.00,-26.00,9.00,279.00,1.81,-0.20,-2.43,-1.05,1.52,62.67,-27.95,-18.80,1021.24,2.50,-3.17,-4.39
-1.05,1.52,62.67,88.00,-45.00,7.00,-27.00,8.00,280.00,1.81,-0.20,-2.43,-1.03,1.60,62.63,-28.08,-18.68,1020.26,2.32,-3.23,-4.39
-1.05,1.52,62.67,88.00,-45.00,7.00,-27.00,8.00,280.00,1.81,-0.20,-2.43,-1.10,1.62,62.58,-28.93,-19.04,1020.75,2.26,-3.17,-4.39
-1.10,1.62,62.58,68.00,-59.00,8.00,-27.00,8.00,278.00,1.81,-0.20,-2.43,-1.00,1.52,62.54,-27.47,-17.82,1021.36,2.38,-3.17,-4.39
-1.10,1.62,62.58,68.00,-59.00,8.00,-27.00,8.00,278.00,1.81,-0.20,-2.43,-0.99,1.60,62.50,-29.42,-18.19,1022.83,2.44,-3.17,-4.39
-0.99,1.60,62.50,97.00,-61.00,5.00,-27.00,7.00,278.00,1.81,-0.20,-2.43,-1.08,1.58,62.46,-28.69,-19.29,1021.61,2.38,-3.17,-4.39
-0.99,1.60,62.50,97.00,-61.00,5.00,-27.00,7.00,278.00,1.81,-0.20,-2.43,-0.98,1.63,62.42,-29.30,-18.19,1021.00,2.50,-3.17,-4.39
-0.98,1.63,62.42,90.00,-51.00,5.00,-27.00,8.00,277.00,1.81,-0.20,-2.43,-0.89,1.68,62.38,-29.42,-17.21,1021.97,2.44,-3.17,-4.33
-0.98,1.63,62.42,90.00,-51.00,5.00,-27.00,8.00,277.00,1.81,-0.20,-2.43,-0.95,1.58,62.33,-28.69,-17.33,1023.68,2.38,-3.05,-4.39
-0.95,1.58,62.33,84.00,-61.00,7.00,-27.00,7.00,278.00,1.81,-0.20,-2.43,-0.98,1.64,62.29,-29.42,-17.58,1021.73,2.38,-3.23,-4.39
-0.95,1.58,62.33,84.00,-61.00,7.00,-27.00,7.00,278.00,1.81,-0.20,-2.43,-0.98,1.50,62.25,-28.69,-17.58,1022.09,2.38,-3.17,-4.33
-0.98,1.50,62.25,78.00,-67.00,4.00,-27.00,8.00,278.00,1.81,-0.20,-2.43,-0.97,1.58,62.21,-29.05,-17.70,1021.24,2.38,-3.11,-4.33
-0.98,1.50,62.25,78.00,-67.00,4.00,-27.00,8.00,278.00,1.81,-0.20,-2.43,-1.01,1.64,62.16,-29.42,-18.07,1022.34,2.50,-3.17,-4.33
-1.01,1.64,62.16,94.00,-51.00,5.00,-27.00,9.00,278.00,1.81,-0.20,-2.43,-1.00,1.50,62.12,-27.71,-18.19,1020.75,2.44,-3.17,-4.39
-1.01,1.64,62.16,94.00,-51.00,5.00,-27.00,9.00,278.00,1.81,-0.20,-2.43,-1.08,1.51,62.08,-27.47,-19.41,1023.93,2.50,-3.23,-4.39
-1.08,1.51,62.08,101.00,-63.00,4.00,-27.00,8.00,278.00,1.81,-0.20,-2.43,-0.99,1.57,62.04,-29.54,-17.21,1021.36,2.38,-3.23,-4.39
-1.08,1.51,62.08,101.00,-63.00,4.00,-27.00,8.00,278.00,1.81,-0.20,-2.43,-1.07,1.58,61.99,-28.20,-18.31,1020.51,2.38,-3.23,-4.46
-1.07,1.58,61.99,83.00,-62.00,4.00,-28.00,7.00,278.00,1.81,-0.20,-2.43,-0.96,1.48,61.95,-27.83,-18.68,1021.73,2.32,-3.23,-4.46
-1.07,1.58,61.99,83.00,-62.00,4.00,-28.00,7.00,278.00,1.81,-0.20,-2.43,-1.02,1.52,61.91,-28.44,-19.29,1022.22,2.38,-3.17,-4.46
-1.02,1.52,61.91,68.00,-65.00,4.00,-26.00,8.00,277.00,1.81,-0.20,-2.43,-1.05,1.59,61.87,-28.32,-18.80,1022.46,2.32,-3.11,-4.39
-1.02,1.52,61.91,68.00,-65.00,4.00,-26.00,8.00,277.00,1.81,-0.20,-2.43,-0.98,1.66,61.82,-29.05,-18.31,1020.26,2.38,-3.17,-4.46
-0.98,1.66,61.82,75.00,-64.00,6.00,-27.00,8.00,279.00,1.81,-0.20,-2.43,-1.02,1.53,61.78,-27.95,-18.43,1021.00,2.38,-3.17,-4.39
-0.98,1.66,61.82,75.00,-64.00,6.00,-27.00,8.00,279.00,1.81,-0.20,-2.43,-1.03,1.60,61.74,-27.59,-18.19,1019.53,2.44,-3.23,-4.39
-1.03,1.60,61.74,91.00,-62.00,4.00,-27.00,7.00,278.00,1.80,-0.20,-2.43,-1.10,1.64,61.69,-28.69,-18.55,1020.87,2.44,-3.11,-4.46
-1.03,1.60,61.74,91.00,-62.00,4.00,-27.00,7.00,278.00,1.80,-0.20,-2.43,-0.97,1.61,61.65,-29.17,-18.31,1020.75,2.44,-3.11,-4.46
-0.97,1.61,61.65,72.00,-63.00,6.00,-27.00,9.00,278.00,1.80,-0.20,-2.43,-1.06,1.56,61.61,-28.32,-19.53,1020.14,2.32,-3.17,-4.39
-0.97,1.61,61.65,72.00,-63.00,6.00,-27.00,9.00,278.00,1.80,-0.20,-2.43,-1.06,1.56,61.61,-28.32,-19.53,1020.14,2.32,-3.17,-4.39
-1.06,1.56,61.61,102.00,-44.00,4.00,-24.00,9.00,279.00,1.80,-0.20,-2.43,-1.05,1.64,61.57,-28.69,-18.92,1021.85,2.38,-3.17,-4.46
-1.06,1.56,61.61,102.00,-44.00,4.00,-24.00,9.00,279.00,1.80,-0.20,-2.43,-1.09,1.52,61.52,-28.44,-19.29,1022.09,2.44,-3.23,-4.39
-1.09,1.52,61.52,86.00,-64.00,4.00,-26.00,9.00,278.00,1.80,-0.20,-2.43,-0.98,1.55,61.48,-27.71,-18.55,1022.46,2.38,-3.23,-4.39
-1.09,1.52,61.52,86.00,-64.00,4.00,-26.00,9.00,278.00,1.80,-0.20,-2.43,-0.99,1.62,61.44,-29.30,-18.07,1022.46,2.38,-3.23,-4.39
-0.99,1.62,61.44,103.00,-65.00,1.00,-28.00,8.00,277.00,1.80,-0.20,-2.43,-1.05,1.66,61.40,-29.30,-18.19,1021.12,2.32,-3.17,-4.39
-0.99,1.62,61.44,103.00,-65.00,1.00,-28.00,8.00,277.00,1.80,-0.20,-2.43,-0.98,1.53,61.36,-28.08,-17.94,1021.36,2.50,-3.11,-4.33
-0.98,1.53,61.36,87.00,-62.00,4.00,-27.00,8.00,277.00,1.80,-0.20,-2.43,-0.95,1.61,61.32,-30.40,-17.21,1020.02,2.44,-3.11,-4.33
-0.98,1.53,61.36,87.00,-62.00,4.00,-27.00,8.00,277.00,1.80,-0.20,-2.43,-1.01,1.65,61.27,-29.17,-17.33,1024.29,2.38,-3.17,-4.39
-1.01,1.65,61.27,102.00,-49.00,2.00,-28.00,8.00,278.00,1.81,-0.20,-2.43,-1.10,1.62,61.23,-29.42,-19.65,1022.58,2.32,-3.11,-4.39
-1.01,1.65,61.27,102.00,-49.00,2.00,-28.00,8.00,278.00,1.81,-0.20,-2.43,-0.99,1.65,61.19,-29.54,-18.55,1020.63,2.32,-3.11,-4.39
-0.99,1.65,61.19,77.00,-64.00,4.00,-26.00,8.00,278.00,1.81,-0.20,-2.43,-1.05,1.55,61.14,-28.93,-18.19,1020.39,2.38,-3.23,-4.46
-0.99,1.65,61.19,77.00,-64.00,4.00,-26.00,8.00,278.00,1.81,-0.20,-2.43,-1.02,1.63,61.10,-28.32,-18.68,1020.87,2.38,-3.23,-4.39
-1.02,1.63,61.10,77.00,-59.00,6.00,-26.00,7.00,278.00,1.81,-0.20,-2.43,-0.94,1.50,61.06,-28.69,-17.94,1022.22,2.44,-3.17,-4.52
-1.02,1.63,61.10,77.00,-59.00,6.00,-26.00,7.00,278.00,1.81,-0.20,-2.43,-0.94,1.58,61.02,-30.03,-17.46,1023.93,2.44,-3.30,-4.39
-0.94,1.58,61.02,84.00,-64.00,5.00,-27.00,8.00,276.00,1.81,-0.20,-2.43,-1.02,1.59,60.97,-28.81,-18.07,1022.71,2.38,-3.11,-4.39
-0.94,1.58,61.02,84.00,-64.00,5.00,-27.00,8.00,276.00,1.81,-0.20,-2.43,-0.88,1.58,60.94,-28.56,-16.97,1021.24,2.44,-3.17,-4.33
-0.88,1.58,60.94,84.00,-60.00,5.00,-26.00,8.00,278.00,1.81,-0.20,-2.43,-0.94,1.62,60.89,-29.54,-17.33,1022.34,2.38,-3.17,-4.39
-0.88,1.58,60.94,84.00,-60.00,5.00,-26.00,8.00,278.00,1.81,-0.20,-2.43,-1.03,1.62,60.85,-29.42,-18.68,1021.73,2.38,-3.23,-4.46
-1.03,1.62,60.85,87.00,-62.00,4.00,-27.00,8.00,277.00,1.81,-0.20,-2.43,-0.90,1.56,60.81,-28.81,-17.82,1023.56,2.44,-3.23,-4.39
-1.03,1.62,60.85,87.00,-62.00,4.00,-27.00,8.00,277.00,1.81,-0.20,-2.43,-0.99,1.55,60.76,-28.20,-18.68,1021.61,2.38,-3.17,-4.39
-0.99,1.55,60.76,73.00,-64.00,4.00,-26.00,8.00,276.00,1.81,-0.20,-2.43,-1.02,1.61,60.72,-28.69,-18.31,1020.63,2.38,-3.11,-4.39
-0.99,1.55,60.76,73.00,-64.00,4.00,-26.00,8.00,276.00,1.81,-0.20,-2.43,-0.90,1.53,60.68,-28.32,-17.58,1021.85,2.38,-3.17,-4.39
-0.90,1.53,60.68,68.00,-64.00,4.00,-27.00,8.00,278.00,1.81,-0.20,-2.43,-0.95,1.58,60.64,-29.05,-17.70,1022.58,2.38,-3.23,-4.39
-0.90,1.53,60.68,68.00,-64.00,4.00,-27.00,8.00,278.00,1.81,-0.20,-2.43,-1.00,1.63,60.59,-29.30,-17.94,1022.71,2.38,-3.23,-4.39
-1.00,1.63,60.59,50.00,-74.00,3.00,-28.00,8.00,278.00,1.81,-0.20,-2.43,-1.09,1.59,60.55,-28.93,-19.53,1022.09,2.44,-3.17,-4.39
-1.00,1.63,60.59,50.00,-74.00,3.00,-28.00,8.00,278.00,1.81,-0.20,-2.43,-0.98,1.62,60.51,-29.42,-17.70,1020.14,2.44,-3.23,-4.39
-0.98,1.62,60.51,79.00,-56.00,5.00,-27.00,9.00,279.00,1.81,-0.20,-2.43,-1.05,1.64,60.46,-29.30,-18.19,1022.46,2.44,-3.17,-4.39
-0.98,1.62,60.51,79.00,-56.00,5.00,-27.00,9.00,279.00,1.81,-0.20,-2.43,-1.05,1.64,60.46,-29.30,-18.19,1022.46,2.44,-3.17,-4.39
-1.05,1.64,60.46,96.00,-53.00,3.00,-26.00,8.00,279.00,1.81,-0.20,-2.43,-0.93,1.56,60.43,-28.56,-17.46,1022.09,2.38,-3.23,-4.46
-1.05,1.64,60.46,96.00,-53.00,3.00,-26.00,8.00,279.00,1.81,-0.20,-2.43,-0.93,1.56,60.43,-28.56,-17.46,1022.09,2.38,-3.23,-4.46
-0.93,1.56,60.43,84.00,-64.00,2.00,-27.00,8.00,278.00,1.81,-0.20,-2.43,-0.95,1.63,60.38,-28.69,-16.97,1022.22,2.44,-3.23,-4.39
-0.93,1.56,60.43,84.00,-64.00,2.00,-27.00,8.00,278.00,1.81,-0.20,-2.43,-1.04,1.58,60.34,-28.81,-18.07,1020.51,2.32,-3.17,-4.46
-1.04,1.58,60.34,80.00,-55.00,5.00,-27.00,8.00,280.00,1.81,-0.20,-2.43,-1.08,1.46,60.29,-27.47,-19.04,1022.34,2.32,-3.11,-4.46
-1.04,1.58,60.34,80.00,-55.00,5.00,-27.00,8.00,280.00,1.81,-0.20,-2.43,-1.00,1.52,60.25,-29.79,-16.97,1021.12,2.38,-3.23,-4.33
-1.00,1.52,60.25,60.00,-55.00,10.00,-26.00,8.00,279.00,1.81,-0.20,-2.43,-1.01,1.60,60.21,-28.56,-18.31,1020.39,2.38,-3.30,-4.39
-1.00,1.52,60.25,60.00,-55.00,10.00,-26.00,8.00,279.00,1.81,-0.20,-2.43,-1.01,1.67,60.17,-29.30,-18.19,1020.02,2.44,-3.30,-4.46
-1.01,1.67,60.17,90.00,-49.00,8.00,-26.00,8.00,280.00,1.81,-0.20,-2.43,-1.07,1.57,60.12,-29.30,-18.55,1021.24,2.44,-3.23,-4.39
-1.01,1.67,60.17,90.00,-49.00,8.00,-26.00,8.00,280.00,1.81,-0.20,-2.43,-1.06,1.65,60.08,-28.93,-19.17,1019.90,2.38,-3.17,-4.39
-1.06,1.65,60.08,72.00,-66.00,5.00,-26.00,9.00,281.00,1.81,-0.20,-2.43,-1.01,1.51,60.04,-28.20,-18.55,1020.14,2.38,-3.23,-4.46
-1.06,1.65,60.08,72.00,-66.00,5.00,-26.00,9.00,281.00,1.81,-0.20,-2.43,-0.96,1.58,60.00,-29.79,-17.21,1020.75,2.38,-3.11,-4.39
-0.96,1.58,60.00,80.00,-54.00,6.00,-26.00,8.00,277.00,1.81,-0.20,-2.43,-1.01,1.63,59.96,-29.42,-18.19,1020.39,2.44,-3.23,-4.39
-0.96,1.58,60.00,80.00,-54.00,6.00,-26.00,8.00,277.00,1.81,-0.20,-2.43,-1.10,1.57,59.91,-28.93,-18.55,1020.26,2.38,-3.17,-4.39
-1.10,1.57,59.91,91.00,-59.00,3.00,-28.00,8.00,277.00,1.81,-0.20,-2.43,-0.96,1.55,59.87,-28.20,-17.82,1021.48,2.44,-3.23,-4.39
-1.10,1.57,59.91,91.00,-59.00,3.00,-28.00,8.00,277.00,1.81,-0.20,-2.43,-1.03,1.59,59.83,-28.20,-17.82,1021.85,2.44,-3.17,-4.39
-1.03,1.59,59.83,85.00,-62.00,4.00,-28.00,8.00,278.00,1.80,-0.20,-2.43,-1.11,1.55,59.78,-28.32,-18.92,1020.75,2.44,-3.17,-4.46
-1.03,1.59,59.83,85.00,-62.00,4.00,-28.00,8.00,278.00,1.80,-0.20,-2.43,-1.04,1.62,59.74,-28.81,-19.29,1020.51,2.44,-3.17,-4.33
-1.04,1.62,59.74,83.00,-53.00,7.00,-28.00,7.00,278.00,1.80,-0.20,-2.43,-0.96,1.50,59.70,-28.08,-18.07,1023.44,2.38,-3.17,-4.39
-1.04,1.62,59.74,83.00,-53.00,7.00,-28.00,7.00,278.00,1.80,-0.20,-2.43,-1.02,1.54,59.66,-28.81,-19.29,1020.39,2.44,-3.11,-4.46
-1.02,1.54,59.66,60.00,-76.00,4.00,-26.00,9.00,278.00,1.80,-0.20,-2.43,-0.96,1.62,59.62,-29.30,-17.58,1022.34,2.44,-3.11,-4.46
-1.02,1.54,59.66,60.00,-76.00,4.00,-26.00,9.00,278.00,1.80,-0.20,-2.43,-1.04,1.63,59.57,-29.17,-17.82,1021.24,2.38,-3.17,-4.46
-1.04,1.63,59.57,61.00,-61.00,7.00,-26.00,9.00,281.00,1.80,-0.20,-2.43,-0.92,1.65,59.53,-29.42,-18.07,1022.71,2.38,-3.23,-4.46
-1.04,1.63,59.57,61.00,-61.00,7.00,-26.00,9.00,281.00,1.80,-0.20,-2.43,-1.00,1.59,59.49,-29.05,-17.70,1020.51,2.44,-3.17,-4.46
-1.00,1.59,59.49,94.00,-53.00,3.00,-27.00,8.00,279.00,1.80,-0.20,-2.43,-1.05,1.65,59.44,-28.44,-17.94,1022.22,2.44,-3.11,-4.39
-1.00,1.59,59.49,94.00,-53.00,3.00,-27.00,8.00,279.00,1.80,-0.20,-2.43,-1.03,1.51,59.40,-28.32,-18.68,1020.87,2.44,-3.23,-4.39
-1.03,1.51,59.40,76.00,-62.00,3.00,-27.00,9.00,278.00,1.80,-0.20,-2.43,-1.02,1.58,59.36,-28.69,-18.55,1020.51,2.32,-3.11,-4.39
-1.03,1.51,59.40,76.00,-62.00,3.00,-27.00,9.00,278.00,1.80,-0.20,-2.43,-1.11,1.57,59.31,-28.32,-18.55,1021.97,2.38,-3.11,-4.46
-1.11,1.57,59.31,85.00,-64.00,5.00,-27.00,9.00,276.00,1.81,-0.20,-2.43,-0.98,1.52,59.28,-27.95,-19.17,1022.58,2.38,-3.17,-4.39
-1.11,1.57,59.31,85.00,-64.00,5.00,-27.00,9.00,276.00,1.81,-0.20,-2.43,-0.98,1.52,59.28,-27.95,-19.17,1022.58,2.38,-3.17,-4.39
-0.98,1.52,59.28,86.00,-52.00,6.00,-27.00,8.00,278.00,1.81,-0.20,-2.43,-1.00,1.59,59.23,-28.93,-18.19,1020.75,2.44,-3.23,-4.46
-0.98,1.52,59.28,86.00,-52.00,6.00,-27.00,8.00,278.00,1.81,-0.20,-2.43,-0.91,1.64,59.19,-29.05,-17.21,1020.87,2.32,-3.23,-4.33
-0.91,1.64,59.19,93.00,-58.00,3.00,-27.00,7.00,278.00,1.81,-0.20,-2.43,-0.99,1.59,59.15,-28.93,-18.07,1020.63,2.38,-3.17,-4.39
-0.91,1.64,59.19,93.00,-58.00,3.00,-27.00,7.00,278.00,1.81,-0.20,-2.43,-1.08,1.54,59.10,-28.20,-18.68,1020.75,2.44,-3.17,-4.46
-1.08,1.54,59.10,72.00,-68.00,5.00,-27.00,8.00,277.00,1.81,-0.20,-2.43,-1.00,1.60,59.06,-29.79,-17.70,1021.48,2.38,-3.11,-4.46
-1.08,1.54,59.10,72.00,-68.00,5.00,-27.00,8.00,277.00,1.81,-0.20,-2.43,-1.05,1.49,59.02,-27.83,-18.43,1021.61,2.44,-3.17,-4.39
-1.05,1.49,59.02,78.00,-61.00,8.00,-26.00,8.00,278.00,1.81,-0.20,-2.43,-0.97,1.55,58.98,-29.66,-16.60,1020.63,2.38,-3.17,-4.39
-1.05,1.49,59.02,78.00,-61.00,8.00,-26.00,8.00,278.00,1.81,-0.20,-2.43,-1.05,1.56,58.93,-28.56,-19.78,1021.73,2.38,-3.17,-4.39
-1.05,1.56,58.93,84.00,-58.00,5.00,-26.00,8.00,280.00,1.81,-0.20,-2.43,-1.04,1.63,58.89,-28.81,-18.80,1020.87,2.44,-3.30,-4.46
-1.05,1.56,58.93,84.00,-58.00,5.00,-26.00,8.00,280.00,1.81,-0.20,-2.43,-1.04,1.63,58.89,-28.81,-18.80,1020.87,2.44,-3.30,-4.46
-1.04,1.63,58.89,87.00,-62.00,6.00,-28.00,7.00,278.00,1.81,-0.21,-2.43,-1.12,1.57,58.85,-28.81,-19.29,1020.14,2.44,-3.23,-4.39
-1.04,1.63,58.89,87.00,-62.00,6.00,-28.00,7.00,278.00,1.81,-0.21,-2.43,-1.02,1.61,58.81,-29.05,-18.80,1021.36,2.38,-3.11,-4.39
-1.02,1.61,58.81,92.00,-65.00,2.00,-26.00,8.00,277.00,1.81,-0.21,-2.43,-1.10,1.61,58.76,-28.81,-18.43,1021.24,2.32,-3.17,-4.46
-1.02,1.61,58.81,92.00,-65.00,2.00,-26.00,8.00,277.00,1.81,-0.21,-2.43,-0.98,1.55,58.72,-28.20,-17.82,1022.09,2.32,-3.17,-4.33
-0.98,1.55,58.72,92.00,-52.00,6.00,-26.00,9.00,279.00,1.81,-0.21,-2.43,-0.96,1.63,58.68,-27.83,-17.46,1022.46,2.50,-3.17,-4.39
-0.98,1.55,58.72,92.00,-52.00,6.00,-26.00,9.00,279.00,1.81,-0.21,-2.43,-0.95,1.71,58.64,-29.42,-17.21,1023.07,2.50,-3.23,-4.39
-0.95,1.71,58.64,79.00,-60.00,4.00,-27.00,8.00,279.00,1.81,-0.21,-2.43,-1.00,1.60,58.60,-28.69,-18.55,1019.04,2.44,-3.23,-4.39
-0.95,1.71,58.64,79.00,-60.00,4.00,-27.00,8.00,279.00,1.81,-0.21,-2.43,-0.96,1.67,58.55,-29.66,-17.58,1020.14,2.32,-3.23,-4.39
-0.96,1.67,58.55,91.00,-54.00,6.00,-26.00,8.00,279.00,1.81,-0.21,-2.43,-1.01,1.56,58.51,-29.42,-17.46,1022.46,2.44,-3.11,-4.39
-0.96,1.67,58.55,91.00,-54.00,6.00,-26.00,8.00,279.00,1.81,-0.21,-2.43,-0.94,1.63,58.47,-29.30,-17.33,1022.83,2.38,-3.23,-4.39
-0.94,1.63,58.47,69.00,-60.00,2.00,-26.00,7.00,279.00,1.81,-0.21,-2.43,-1.01,1.54,58.43,-27.95,-18.43,1020.51,2.32,-3.17,-4.46
-0.94,1.63,58.47,69.00,-60.00,2.00,-26.00,7.00,279.00,1.81,-0.21,-2.43,-1.08,1.58,58.38,-27.95,-18.68,1022.71,2.38,-3.23,-4.39
-1.08,1.58,58.38,76.00,-61.00,7.00,-26.00,8.00,278.00,1.80,-0.20,-2.43,-0.97,1.62,58.34,-28.44,-18.68,1019.04,2.38,-3.17,-4.33
-1.08,1.58,58.38,76.00,-61.00,7.00,-26.00,8.00,278.00,1.80,-0.20,-2.43,-1.06,1.58,58.30,-28.81,-17.82,1020.87,2.38,-3.17,-4.33
-1.06,1.58,58.30,88.00,-69.00,4.00,-26.00,9.00,278.00,1.80,-0.20,-2.43,-1.04,1.66,58.26,-29.30,-18.92,1022.83,2.38,-3.23,-4.39
-1.06,1.58,58.30,88.00,-69.00,4.00,-26.00,9.00,278.00,1.80,-0.20,-2.43,-1.00,1.52,58.22,-27.95,-18.31,1020.14,2.38,-3.17,-4.39
-1.00,1.52,58.22,89.00,-69.00,1.00,-27.00,8.00,277.00,1.80,-0.20,-2.43,-1.06,1.57,58.17,-27.83,-18.55,1019.78,2.50,-3.23,-4.46
-1.00,1.52,58.22,89.00,-69.00,1.00,-27.00,8.00,277.00,1.80,-0.20,-2.43,-0.99,1.64,58.13,-29.30,-18.31,1021.36,2.38,-3.23,-4.39
-0.99,1.64,58.13,102.00,-62.00,0.00,-27.00,7.00,277.00,1.80,-0.20,-2.43,-0.86,1.62,58.09,-29.42,-16.97,1023.68,2.38,-3.23,-4.39
-0.99,1.64,58.13,102.00,-62.00,0.00,-27.00,7.00,277.00,1.80,-0.20,-2.43,-0.95,1.57,58.05,-28.08,-19.04,1022.22,2.38,-3.11,-4.46
-0.95,1.57,58.05,89.00,-86.00,2.00,-25.00,8.00,279.00,1.80,-0.20,-2.43,-1.00,1.61,58.00,-29.05,-18.07,1021.24,2.44,-3.23,-4.39
-0.95,1.57,58.05,89.00,-86.00,2.00,-25.00,8.00,279.00,1.80,-0.20,-2.43,-1.09,1.58,57.96,-28.81,-19.78,1021.24,2.38,-3.17,-4.39
-1.09,1.58,57.96,78.00,-62.00,4.00,-26.00,8.00,278.00,1.80,-0.20,-2.43,-1.04,1.66,57.92,-29.54,-19.04,1021.24,2.38,-3.17,-4.39
-1.09,1.58,57.96,78.00,-62.00,4.00,-26.00,8.00,278.00,1.80,-0.20,-2.43,-1.10,1.55,57.87,-28.20,-20.14,1023.56,2.44,-3.11,-4.39
-1.10,1.55,57.87,72.00,-69.00,4.00,-28.00,7.00,277.00,1.80,-0.20,-2.43,-0.97,1.55,57.83,-28.08,-18.19,1019.78,2.38,-3.17,-4.39
-1.10,1.55,57.87,72.00,-69.00,4.00,-28.00,7.00,277.00,1.80,-0.20,-2.43,-1.05,1.55,57.79,-28.08,-18.68,1021.73,2.44,-3.23,-4.46
-1.05,1.55,57.79,86.00,-52.00,6.00,-26.00,7.00,277.00,1.80,-0.20,-2.43,-1.04,1.63,57.75,-28.44,-18.80,1018.80,2.44,-3.11,-4.46
-1.05,1.55,57.79,86.00,-52.00,6.00,-26.00,7.00,277.00,1.80,-0.20,-2.43,-1.04,1.63,57.75,-28.44,-18.80,1018.80,2.44,-3.11,-4.46
-1.04,1.63,57.75,89.00,-55.00,3.00,-27.00,8.00,277.00,1.80,-0.20,-2.43,-0.92,1.65,57.71,-29.54,-17.70,1021.61,2.38,-3.23,-4.39
-1.04,1.63,57.75,89.00,-55.00,3.00,-27.00,8.00,277.00,1.80,-0.20,-2.43,-0.92,1.65,57.71,-29.54,-17.70,1021.61,2.38,-3.23,-4.39
-0.92,1.65,57.71,47.00,-65.00,6.00,-27.00,9.00,276.00,1.80,-0.20,-2.43,-1.01,1.64,57.66,-29.54,-16.85,1020.51,2.38,-3.11,-4.39
-0.92,1.65,57.71,47.00,-65.00,6.00,-27.00,9.00,276.00,1.80,-0.20,-2.43,-0.92,1.70,57.62,-30.03,-17.46,1022.22,2.38,-3.17,-4.39
-0.92,1.70,57.62,69.00,-59.00,6.00,-27.00,8.00,278.00,1.80,-0.20,-2.43,-0.97,1.58,57.58,-28.08,-18.07,1020.39,2.32,-3.17,-4.46
-0.92,1.70,57.62,69.00,-59.00,6.00,-27.00,8.00,278.00,1.80,-0.20,-2.43,-1.03,1.62,57.54,-29.05,-18.19,1020.87,2.26,-3.11,-4.33
-1.03,1.62,57.54,86.00,-63.00,1.00,-27.00,9.00,279.00,1.80,-0.20,-2.43,-0.97,1.49,57.49,-28.32,-18.07,1021.24,2.32,-3.23,-4.39
-1.03,1.62,57.54,86.00,-63.00,1.00,-27.00,9.00,279.00,1.80,-0.20,-2.43,-0.97,1.57,57.45,-29.54,-17.82,1019.17,2.32,-3.17,-4.39
-0.97,1.57,57.45,103.00,-45.00,4.00,-26.00,9.00,278.00,1.81,-0.20,-2.43,-1.05,1.56,57.41,-28.56,-19.90,1020.51,2.38,-3.17,-4.39
-0.97,1.57,57.45,103.00,-45.00,4.00,-26.00,9.00,278.00,1.81,-0.20,-2.43,-1.03,1.64,57.37,-29.54,-18.68,1020.87,2.38,-3.17,-4.46
-1.03,1.64,57.37,77.00,-56.00,8.00,-27.00,8.00,278.00,1.81,-0.20,-2.43,-1.10,1.56,57.32,-28.69,-19.41,1022.83,2.38,-3.11,-4.46
-1.03,1.64,57.37,77.00,-56.00,8.00,-27.00,8.00,278.00,1.81,-0.20,-2.43,-0.99,1.59,57.28,-29.42,-17.58,1021.48,2.26,-3.17,-4.46
-0.99,1.59,57.28,73.00,-58.00,8.00,-27.00,9.00,279.00,1.81,-0.20,-2.43,-1.05,1.64,57.24,-28.93,-18.31,1018.68,2.38,-3.23,-4.46
-0.99,1.59,57.28,73.00,-58.00,8.00,-27.00,9.00,279.00,1.81,-0.20,-2.43,-1.09,1.51,57.19,-28.44,-19.17,1017.82,2.32,-3.17,-4.46
-1.09,1.51,57.19,98.00,-48.00,3.00,-27.00,8.00,278.00,1.81,-0.20,-2.43,-1.00,1.56,57.15,-28.56,-17.94,1021.36,2.32,-3.23,-4.39
-1.09,1.51,57.19,98.00,-48.00,3.00,-27.00,8.00,278.00,1.81,-0.20,-2.43,-0.97,1.64,57.11,-29.17,-17.70,1022.09,2.38,-3.17,-4.39
-0.97,1.64,57.11,92.00,-56.00,4.00,-27.00,8.00,279.00,1.81,-0.20,-2.43,-1.03,1.54,57.07,-27.83,-19.04,1022.09,2.44,-3.23,-4.46
-0.97,1.64,57.11,92.00,-56.00,4.00,-27.00,8.00,279.00,1.81,-0.20,-2.43,-1.01,1.62,57.02,-28.81,-18.31,1019.29,2.50,-3.23,-4.39
-1.01,1.62,57.02,62.00,-73.00,5.00,-27.00,8.00,277.00,1.81,-0.20,-2.43,-1.07,1.66,56.98,-29.17,-18.31,1021.73,2.38,-3.23,-4.46
-1.01,1.62,57.02,62.00,-73.00,5.00,-27.00,8.00,277.00,1.81,-0.20,-2.43,-1.05,1.52,56.94,-28.56,-19.04,1023.07,2.38,-3.17,-4.46
-1.05,1.52,56.94,75.00,-63.00,5.00,-27.00,8.00,279.00,1.81,-0.20,-2.43,-1.01,1.59,56.90,-29.42,-18.31,1022.46,2.32,-3.23,-4.39
-1.05,1.52,56.94,75.00,-63.00,5.00,-27.00,8.00,279.00,1.81,-0.20,-2.43,-1.01,1.59,56.90,-29.42,-18.31,1022.46,2.32,-3.23,-4.39
-1.01,1.59,56.90,90.00,-53.00,4.00,-27.00,9.00,277.00,1.81,-0.20,-2.43,-1.00,1.45,56.85,-27.47,-18.07,1019.65,2.32,-3.17,-4.52
-1.01,1.59,56.90,90.00,-53.00,4.00,-27.00,9.00,277.00,1.81,-0.20,-2.43,-1.00,1.45,56.85,-27.47,-18.07,1019.65,2.32,-3.17,-4.52
-1.00,1.45,56.85,76.00,-70.00,4.00,-26.00,8.00,278.00,1.81,-0.20,-2.43,-0.93,1.52,56.81,-29.17,-15.99,1022.71,2.32,-3.17,-4.33
-1.00,1.45,56.85,76.00,-70.00,4.00,-26.00,8.00,278.00,1.81,-0.20,-2.43,-0.88,1.59,56.77,-29.79,-15.75,1021.48,2.26,-3.17,-4.27