-0.53, -0.21, 0.03, 

-0.03, -0.04, 1.09, -54.98, -286.72, 61.45, -0.53, -0.21, 0.04, 

-0.03, -0.04, 1.09, -54.98, -286.72, 61.45, -0.53, -0.21, 0.04, 

-0.03, -0.04, 1.09, -54.98, -286.72, 61.45, -0.53, -0.21, 0.04, 

-0.03, -0.04, 1.09, -55.09, -286.72, 61.93, -0.53, -0.21, 0.04, 

-0.03, -0.04, 1.08, -56.46, -286.72, 62.03, -0.53, -0.21, 0.04, 

-0.03, -0.04, 1.08, -56.46, -286.72, 62.03, -0.53, -0.21, 0.04, 

-0.03, -0.04, 1.08, -56.46, -286.72, 62.03, -0.54, -0.21, 0.04, 

-0.03, -0.04, 1.08, -54.53, -286.72, 61.94, -0.54, -0.21, 0.04, 

-0.03, -0.04, 1.09, -55.69, -286.72, 62.31, -0.53, -0.21, 0.03, 

-0.03, -0.04, 1.09, -55.69, -286.72, 62.31, -0.53, -0.21, 0.03, 

-0.03, -0.04, 1.09, -55.69, -286.72, 62.31, -0.53, -0.21, 0.03, 

-0.02, -0.04, 1.09, -54.75, -286.72, 61.86, -0.54, -0.21, 0.04, 

-0.03, -0.04, 1.09, -53.96, -286.72, 61.70, -0.54, -0.21, 0.04, 

-0.03, -0.04, 1.09, -53.96, -286.72, 61.70, -0.54, -0.21, 0.04, 

-0.03, -0.04, 1.09, -53.96, -286.72, 61.70, -0.53, -0.21, 0.03, 

-0.03, -0.04, 1.08, -56.56, -286.72, 62.17, -0.53, -0.21, 0.03, 

-0.03, -0.04, 1.08, -55.59, -286.72, 61.19, -0.53, -0.21, 0.03, 

-0.03, -0.04, 1.08, -55.59, -286.72, 61.19, -0.53, -0.21, 0.03, 

-0.03, -0.04, 1.08, -55.59, -286.72, 61.19, -0.53, -0.21, 0.03, 

-0.03, -0.04, 1.14, -51.93, -286.72, 61.02, -0.53, -0.21, 0.02, 

-0.03, -0.04, -0.01, -56.71, -286.72, 62.67, -0.53, -0.21, 0.02, 

-0.03, -0.04, -0.01, -56.71, -286.72, 62.67, -0.53, -0.21, 0.03, 

-0.03, -0.04, -0.01, -56.71, -286.72, 62.67, -0.53, -0.21, 0.03, 

-0.03, -0.04, 1.10, -55.90, -286.72, 62.34, -0.53, -0.21, 0.03, 

-0.03, -0.04, 1.07, -54.15, -286.72, 61.56, -0.54, -0.20, 0.04, 

-0.03, -0.04, 1.07, -54.15, -286.72, 61.56, -0.54, -0.20, 0.04, 

-0.03, -0.04, 1.07, -54.15, -286.72, 61.56, -0.53, -0.20, 0.03, 

-0.03, -0.04, 1.06, -53.91, -286.72, 61.50, -0.53, -0.20, 0.03, 

-0.03, -0.04, 1.08, -53.96, -286.72, 61.38, -0.53, -0.20, 0.04, 

-0.03, -0.04, 1.08, -53.96, -286.72, 61.38, -0.53, -0.20, 0.04, 

-0.03, -0.04, 1.08, -53.96, -286.72, 61.38, -0.53, -0.20, 0.04, 

-0.03, -0.04, 1.12, -56.36, -286.72, 62.41, -0.53, -0.20, 0.04, 

-0.01, -0.00, -0.00, -55.19, -286.72, 61.49, -0.53, -0.20, 0.04, 

-0.01, -0.00, -0.00, -55.19, -286.72, 61.49, -0.53, -0.20, 0.04, 

-0.01, -0.00, -0.00, -55.19, -286.72, 61.49, -0.53, -0.21, 0.04, 

-0.02, -0.04, 1.09, -56.26, -286.72, 61.96, -0.53, -0.21, 0.04, 

-0.03, -0.04, 1.08, -55.54, -286.72, 62.35, -0.54, -0.21, 0.03, 

-0.03, -0.04, 1.08, -55.54, -286.72, 62.35, -0.54, -0.21, 0.03, 

-0.03, -0.04, 1.08, -55.54, -286.72, 62.35, -0.54, -0.21, 0.03, 

-0.03, -0.04, 1.07, -55.83, -286.72, 62.13, -0.53, -0.20, 0.03, 

-0.02, -0.00, -0.00, -57.30, -286.72, 62.87, -0.53, -0.20, 0.03, 

-0.02, -0.00, -0.00, -57.30, -286.72, 62.87, -0.53, -0.21, 0.03, 

-0.02, -0.00, -0.00, -57.30, -286.72, 62.87, -0.53, -0.21, 0.03, 

-0.03, -0.04, 1.10, -56.48, -286.72, 62.70, -0.53, -0.21, 0.03, 

-0.02, -0.04, 1.10, -56.84, -286.72, 62.19, -0.53, -0.21, 0.03, 

-0.02, -0.04, 1.10, -56.84, -286.72, 62.19, -0.53, -0.21, 0.03, 

-0.02, -0.04, 1.10, -56.84, -286.72, 62.19, -0.53, -0.21, 0.03, 

-0.03, -0.04, 1.10, -54.99, -286.72, 61.94, -0.53, -0.21, 0.03, 

-0.03, -0.01, -0.00, -55.43, -286.72, 62.26, -0.54, -0.20, 0.03, 

-0.03, -0.01, -0.00, -55.43, -286.72, 62.26, -0.54, -0.20, 0.03, 

-0.03, -0.04, 1.09, -55.43, -286.72, 62.26, -0.54, -0.20, 0.03, 

-0.03, -0.04, 1.09, -54.13, -286.72, 61.37, -0.54, -0.21, 0.03, 

-0.03, -0.04, 1.09, -54.13, -286.72, 61.37, -0.54, -0.21, 0.03, 

-0.03, -0.04, 1.09, -54.13, -286.72, 61.37, -0.54, -0.21, 0.03, 

-0.03, -0.04, 1.09, -54.13, -286.72, 61.37, -0.54, -0.20, 0.04, 

-0.03, -0.04, 1.10, -55.11, -286.72, 61.82, -0.54, -0.20, 0.04, 

-0.03, -0.04, 1.09, -55.96, -286.72, 62.06, -0.53, -0.21, 0.03, 

-0.03, -0.04, 1.09, -55.96, -286.72, 62.06, -0.53, -0.21, 0.03, 

-0.03, -0.04, 1.09, -55.96, -286.72, 62.06, -0.53, -0.21, 0.03, 

-0.03, -0.04, 1.09, -53.12, -286.72, 60.65, -0.54, -0.20, 0.04, 

-0.03, -0.04, 1.09, -56.29, -286.72, 62.32, -0.54, -0.20, 0.04, 

-0.03, -0.04, 1.09, -56.29, -286.72, 62.32, -0.54, -0.20, 0.04, 

-0.03, -0.04, 1.09, -56.29, -286.72, 62.32, -0.54, -0.20, 0.04, 

-0.03, -0.04, 1.09, -55.62, -286.72, 61.14, -0.54, -0.20, 0.04, 

-0.03, -0.04, 1.09, -52.73, -286.72, 60.81, -0.54, -0.21, 0.04, 

-0.03, -0.04, 1.09, -52.73, -286.72, 60.81, -0.54, -0.21, 0.04, 

-0.03, -0.04, 1.09, -52.73, -286.72, 60.81, -0.54, -0.21, 0.03, 

-0.03, -0.04, 1.09, -55.82, -286.72, 62.23, -0.54, -0.21, 0.03, 

-0.01, -0.00, -0.00, -55.76, -286.72, 62.07, -0.54, -0.21, 0.03, 

-0.01, -0.00, -0.00, -55.76, -286.72, 62.07, -0.54, -0.21, 0.03, 

-0.01, -0.00, -0.00, -55.76, -286.72, 62.07, -0.54, -0.21, 0.03, 

-0.03, -0.04, 1.09, -54.66, -286.72, 61.74, -0.54, -0.20, 0.03, 

-0.03, -0.04, 1.09, -57.37, -286.72, 63.23, -0.54, -0.20, 0.03, 

-0.03, -0.04, 1.09, -57.37, -286.72, 63.23, -0.54, -0.20, 0.03, 

-0.03, -0.04, 1.09, -57.37, -286.72, 63.23, -0.54, -0.21, 0.03, 

-0.03, -0.04, 1.09, -54.78, -286.72, 62.46, -0.54, -0.21, 0.03, 

-0.03, -0.04, 1.09, -56.53, -286.72, 62.66, -0.54, -0.20, 0.03, 

-0.03, -0.04, 1.09, -56.53, -286.72, 62.66, -0.54, -0.20, 0.03, 

-0.03, -0.04, 1.09, -56.53, -286.72, 62.66, -0.54, -0.20, 0.03, 

-0.03, -0.04, 1.09, -54.19, -286.72, 61.32, -0.54, -0.20, 0.03, 

-0.03, -0.04, 1.12, -56.19, -286.72, 62.42, -0.54, -0.20, 0.03, 

-0.03, -0.04, 1.12, -56.19, -286.72, 62.42, -0.53, -0.21, 0.03, 

-0.03, -0.04, 1.12, -56.19, -286.72, 62.42, -0.53, -0.21, 0.03, 

-0.03, -0.04, 1.09, -56.28, -286.72, 62.92, -0.53, -0.21, 0.03, 

-0.03, -0.04, 1.10, -54.65, -286.72, 61.50, -0.54, -0.20, 0.03, 

-0.03, -0.04, 1.10, -54.65, -286.72, 61.50, -0.54, -0.20, 0.03, 

-0.03, -0.04, 1.10, -54.65, -286.72, 61.50, -0.54, -0.20, 0.03, 

-0.03, -0.04, 1.09, -53.85, -286.72, 61.22, -0.54, -0.20, 0.03, 

-0.03, -0.04, 1.09, -56.76, -286.72, 61.99, -0.54, -0.20, 0.03, 

-0.03, -0.04, 1.09, -56.76, -286.72, 61.99, -0.54, -0.20, 0.03, 

-0.03, -0.04, 1.09, -56.76, -286.72, 61.99, -0.54, -0.20, 0.03, 

-0.03, -0.04, 1.09, -55.40, -286.72, 62.35, -0.54, -0.21, 0.03, 

-0.03, -0.04, 1.99, -56.01, -286.72, 62.42, -0.54, -0.21, 0.03, 

-0.03, -0.04, 1.99, -56.01, -286.72, 62.42, -0.54, -0.21, 0.03, 

-0.03, -0.04, 1.99, -56.01, -286.72, 62.42, -0.54, -0.20, 0.03, 

-0.03, -0.04, 1.10, -55.83, -286.72, 61.85, -0.54, -0.20, 0.03, 

-0.03, -0.04, 1.09, -53.58, -286.72, 61.34, -0.54, -0.21, 0.03, 

-0.03, -0.04, 1.09, -53.58, -286.72, 61.34, -0.54, -0.21, 0.03, 

-0.03, -0.04, 1.09, -53.58, -286.72, 61.34, -0.54, -0.21, 0.03, 

-0.03, -0.04, 1.09, -55.23, -286.72, 61.20, -0.54, -0.21, 0.03, 

-0.03, -0.04, 1.08, -56.73, -286.72, 62.76, -0.54, -0.21, 0.03, 

-0.03, -0.04, 1.08, -56.73, -286.72, 62.76, -0.54, -0.20, 0.03, 

-0.03, -0.04, 1.08, -56.73, -286.72, 62.76, -0.54, -0.20, 0.03, 

-0.03, -0.04, 1.09, -55.83, -286.72, 61.72, -0.54, -0.20, 0.03, 

-0.03, -0.04, 1.09, -54.81, -286.72, 61.43, -0.54, -0.21, 0.03, 

-0.03, -0.04, 1.09, -54.81, -286.72, 61.43, -0.54, -0.21, 0.03, 

-0.03, -0.04, 1.09, -54.81, -286.72, 61.43, -0.54, -0.21, 0.03, 

-0.03, -0.04, 1.10, -55.28, -286.72, 61.73, -0.54, -0.20, 0.03, 

-0.03, -0.04, 1.09, -55.90, -286.72, 62.36, -0.54, -0.20, 0.03, 

-0.03, -0.04, 1.09, -55.90, -286.72, 62.36, -0.53, -0.21, 0.03, 

-0.03, -0.04, 1.09, -55.90, -286.72, 62.36, -0.53, -0.21, 0.03, 

-0.03, -0.04, 1.08, -54.01, -286.72, 61.02, -0.53, -0.21, 0.03, 

-0.01, -0.00, -0.00, -57.14, -286.72, 62.22, -0.53, -0.21, 0.03, 

-0.01, -0.00, -0.00, -57.14, -286.72, 62.22, -0.53, -0.21, 0.03, 

-0.01, -0.00, -0.00, -57.14, -286.72, 62.22, -0.53, -0.20, 0.03, 

-0.03, -0.04, 1.09, -55.44, -286.72, 62.57, -0.53, -0.20, 0.03, 

-0.03, -0.04, 1.10, -53.98, -286.72, 61.99, -0.53, -0.21, 0.03, 

-0.03, -0.04, 1.10, -53.98, -286.72, 61.99, -0.53, -0.21, 0.03, 

-0.03, -0.04, 1.10, -53.98, -286.72, 61.99, -0.53, -0.21, 0.03, 

-0.03, -0.04, 1.10, -54.68, -286.72, 62.38, -0.53, -0.21, 0.03, 

-0.03, -0.04, -0.00, -55.06, -286.72, 61.96, -0.53, -0.21, 0.03, 

-0.03, -0.04, -0.00, -55.06, -286.72, 61.96, -0.54, -0.21, 0.03, 

-0.03, -0.04, -0.00, -55.06, -286.72, 61.96, -0.54, -0.21, 0.03, 

-0.03, -0.04, 1.08, -55.99, -62.64, 286.68, -0.54, -0.21, 0.03, 

-0.03, -0.04, 1.09, -55.48, -62.21, 286.68, -0.53, -0.20, 0.03, 

-0.03, -0.04, 1.09, -55.48, -62.21, 286.68, -0.53, -0.20, 0.03, 

-0.03, -0.04, 1.09, -55.48, -62.21, 286.68, -0.53, -0.20, 0.03, 

-0.03, -0.04, 1.09, -54.11, -61.11, 286.68, -0.54, -0.21, 0.02, 

-0.01, -0.00, -0.00, -54.01, -61.57, 286.68, -0.54, -0.21, 0.02, 

-0.01, -0.00, -0.00, -54.01, -61.57, 286.68, -0.54, -0.21, 0.03, 

-0.01, -0.00, -0.00, -54.01, -61.57, 286.68, -0.54, -0.21, 0.03, 

-0.03, -0.04, 1.09, -56.94, -61.88, 286.68, -0.54, -0.21, 0.03, 

-0.03, -0.04, 1.09, -55.76, -61.90, 286.68, -0.54, -0.21, 0.03, 

-0.03, -0.04, 1.09, -55.76, -61.90, 286.68, -0.54, -0.21, 0.03, 

-0.03, -0.04, 1.09, -55.76, -61.90, 286.68, -0.53, -0.20, 0.03, 

-0.03, -0.04, 1.10, -54.10, -60.81, 286.68, -0.53, -0.20, 0.03, 

-0.03, -0.04, 1.09, -56.54, -62.49, 286.68, -0.54, -0.21, 0.03, 

-0.03, -0.04, 1.09, -56.54, -62.49, 286.68, -0.54, -0.21, 0.03, 

-0.03, -0.04, 1.09, -56.54, -62.49, 286.68, -0.54, -0.21, 0.03, 

-0.03, -0.04, 1.09, -55.45, -62.38, 286.68, -0.54, -0.20, 0.03, 

-0.03, -0.04, 1.09, -55.62, -61.77, 286.68, -0.54, -0.20, 0.03, 

-0.03, -0.04, 1.09, -55.62, -61.77, 286.68, -0.54, -0.20, 0.03, 

-0.03, -0.04, 1.09, -55.62, -61.77, 286.68, -0.54, -0.20, 0.03, 

-0.03, -0.04, 1.09, -55.69, -62.13, 286.68, -0.54, -0.20, 0.03, 

-0.03, -0.04, 1.10, -54.92, -61.79, 286.68, -0.53, -0.21, 0.04, 

-0.03, -0.04, 1.10, -54.92, -61.79, 286.68, -0.53, -0.21, 0.04, 

-0.03, -0.04, 1.10, -54.92, -61.79, 286.68, -0.53, -0.21, 0.04, 

-0.03, -0.04, 1.09, -55.55, -62.19, 286.68, -0.53, -0.20, 0.04, 

-0.01, -0.00, -0.00, -56.80, -62.49, 286.68, -0.53, -0.20, 0.04, 

-0.01, -0.00, -0.00, -56.80, -62.49, 286.68, -0.54, -0.20, 0.03, 

-0.01, -0.00, -0.00, -56.80, -62.49, 286.68, -0.54, -0.20, 0.03, 

-0.03, -0.04, 1.08, -55.10, -62.33, 286.68, -0.54, -0.21, 0.03, 

-0.03, -0.04, 1.08, -55.33, -62.11, 286.68, -0.54, -0.21, 0.03, 

-0.03, -0.04, 1.08, -55.33, -62.11, 286.68, -0.54, -0.21, 0.03, 

-0.03, -0.04, 1.08, -55.33, -62.11, 286.68, -0.54, -0.20, 0.03, 

-0.03, -0.04, 1.10, -56.54, -62.78, 286.68, -0.54, -0.20, 0.03, 

-0.03, -0.04, 1.10, -54.35, -61.50, 286.68, -0.54, -0.20, 0.04, 

-0.03, -0.04, 1.10, -54.35, -61.50, 286.68, -0.54, -0.20, 0.04, 

-0.03, -0.04, 1.10, -54.35, -61.50, 286.68, -0.54, -0.20, 0.04, 

-0.03, -0.04, 1.09, -53.09, -61.08, 286.68, -0.54, -0.20, 0.03, 

-0.03, -0.04, 1.99, -56.13, -62.54, 286.68, -0.54, -0.20, 0.03, 

-0.03, -0.04, 1.99, -56.13, -62.54, 286.68, -0.54, -0.20, 0.03, 

-0.03, -0.04, 1.99, -56.13, -62.54, 286.68, -0.54, -0.21, 0.03, 

-0.03, -0.04, 1.08, -56.92, -62.71, 286.68, -0.54, -0.21, 0.03, 

-0.03, -0.04, 1.09, -55.20, -61.99, 286.68, -0.54, -0.21, 0.04, 

-0.03, -0.04, 1.09, -55.20, -61.99, 286.68, -0.54, -0.21, 0.04, 

-0.03, -0.04, 1.09, -55.20, -61.99, 286.68, -0.54, -0.21, 0.04, 

-0.03, -0.04, 1.10, -54.44, -61.00, 286.68, -0.54, -0.21, 0.03, 

-0.03, -0.04, 1.10, -56.04, -62.45, 286.68, -0.54, -0.21, 0.03, 

-0.03, -0.04, 1.10, -56.04, -62.45, 286.68, -0.54, -0.21, 0.03, 

-0.03, -0.04, 1.10, -56.04, -62.45, 286.68, -0.54, -0.21, 0.03, 

-0.03, -0.04, 1.09, -56.52, -62.52, 286.68, -0.54, -0.21, 0.03, 

-0.03, -0.04, 1.09, -52.30, -60.83, 286.68, -0.54, -0.20, 0.03, 

-0.03, -0.04, 1.09, -52.30, -60.83, 286.68, -0.54, -0.20, 0.03, 

-0.03, -0.04, 1.09, -52.30, -60.83, 286.68, -0.54, -0.20, 0.03, 

-0.03, -0.04, 1.09, -55.86, -62.24, 286.68, -0.54, -0.20, 0.03, 

-0.03, -0.01, -0.00, -57.48, -62.70, 286.68, -0.53, -0.20, 0.03, 

-0.03, -0.01, -0.00, -57.48, -62.70, 286.68, -0.53, -0.20, 0.03, 

-0.03, -0.01, -0.00, -57.48, -62.70, 286.68, -0.53, -0.20, 0.03, 

-0.03, -0.04, 1.09, -55.22, -62.09, 286.68, -0.53, -0.20, 0.03, 

-0.03, -0.04, 1.09, -58.62, -63.54, 286.68, -0.53, -0.20, 0.03, 

-0.03, -0.04, 1.09, -58.62, -63.54, 286.68, -0.53, -0.20, 0.03, 

-0.03, -0.04, 1.09, -58.62, -63.54, 286.68, -0.54, -0.21, 0.04, 

-0.03, -0.04, 1.09, -54.25, -61.59, 286.68, -0.54, -0.21, 0.04, 

-0.03, -0.04, 1.09, -52.20, -60.74, 286.68, -0.53, -0.20, 0.03, 

-0.03, -0.04, 1.09, -52.20, -60.74, 286.68, -0.53, -0.20, 0.03, 

-0.03, -0.04, 1.09, -52.20, -60.74, 286.68, -0.53, -0.20, 0.03, 

-0.03, -0.04, 1.09, -56.19, -62.74, 286.68, -0.53, -0.21, 0.04, 

-0.03, -0.04, 1.09, -55.46, -62.31, 286.68, -0.53, -0.21, 0.04, 

-0.03, -0.04, 1.09, -55.46, -62.31, 286.68, -0.53, -0.20, 0.03, 

-0.03, -0.04, 1.09, -55.46, -62.31, 286.68, -0.53, -0.20, 0.03, 

-0.03, -0.04, 1.09, -56.99, -62.81, 286.68, -0.53, -0.20, 0.03, 

-0.03, -0.01, -0.00, -53.31, -61.47, 286.68, -0.53, -0.21, 0.03, 

-0.03, -0.01, -0.00, -53.31, -61.47, 286.68, -0.53, -0.21, 0.03, 

-0.03, -0.01, -0.00, -53.31, -61.47, 286.68, -0.54, -0.20, 0.04, 

-0.03, -0.04, 1.10, -56.41, -62.45, 286.68, -0.54, -0.20, 0.04, 

-0.03, -0.04, 1.10, -54.23, -61.55, 286.68, -0.53, -0.21, 0.03, 

-0.03, -0.04, 1.10, -54.23, -61.55, 286.68, -0.53, -0.21, 0.03, 

-0.03, -0.04, 1.10, -54.23, -61.55, 286.68, -0.53, -0.21, 0.03, 

-0.03, -0.04, 1.09, -54.98, -62.15, 286.68, -0.53, -0.21, 0.03, 

-0.03, -0.04, 1.09, -55.90, -61.98, 286.68, -0.53, -0.21, 0.03, 

-0.03, -0.04, 1.09, -55.90, -61.98, 286.68, -0.53, -0.21, 0.03, 

-0.03, -0.04, 1.09, -55.90, -61.98, 286.68, -0.53, -0.20, 0.03, 

-0.03, -0.04, 1.09, -57.13, -63.19, 286.68, -0.53, -0.20, 0.03, 

-0.03, -0.04, 1.09, -56.85, -62.85, 286.68, -0.53, -0.21, 0.03, 

-0.03, -0.04, 1.09, -56.85, -62.85, 286.68, -0.53, -0.21, 0.03, 

-0.03, -0.04, 1.09, -56.85, -62.85, 286.68, -0.53, -0.21, 0.03, 

-0.03, -0.04, 1.09, -55.62, -61.64, 286.68, -0.53, -0.21, 0.03, 

-0.01, -0.00, -0.00, -56.96, -62.88, 286.68, -0.53, -0.21, 0.03, 

-0.01, -0.00, -0.00, -56.96, -62.88, 286.68, -0.53, -0.20, 0.03, 

-0.01, -0.00, -0.00, -56.96, -62.88, 286.68, -0.53, -0.20, 0.03, 

-0.03, -0.04, 1.09, -55.30, -62.19, 286.68, -0.53, -0.20, 0.03, 

-0.03, -0.04, 1.12, -53.39, -61.20, 286.68, -0.53, -0.20, 0.03, 

-0.03, -0.04, 1.12, -53.39, -61.20, 286.68, -0.53, -0.20, 0.03, 

-0.03, -0.04, 1.09, -53.39, -61.20, 286.68, -0.54, -0.21, 0.03, 

-0.03, -0.04, 1.08, -56.82, -62.74, 286.68, -0.54, -0.21, 0.03, 

-0.03, -0.04, 1.08, -56.82, -62.74, 286.68, -0.53, -0.21, 0.03, 

-0.03, -0.04, 1.08, -56.82, -62.74, 286.68, -0.53, -0.21, 0.03, 

-0.03, -0.04, 1.09, -56.82, -62.74, 286.68, -0.53, -0.21, 0.03, 

-0.03, -0.04, 1.09, -56.03, -62.27, 286.68, -0.53, -0.21, 0.03, 

-0.03, -0.04, 1.09, -56.03, -62.27, 286.68, -0.53, -0.21, 0.03, 

-0.03, -0.04, 1.09, -56.03, -62.27, 286.68, -0.53, -0.21, 0.03, 

-0.03, -0.04, 1.09, -56.03, -62.27, 286.68, -0.53, -0.21, 0.03, 

-0.03, -0.04, 1.09, -54.49, -61.77, 286.68, -0.53, -0.21, 0.03, 

-0.03, -0.04, 1.09, -54.08, -61.51, 286.68, -0.53, -0.21, 0.03, 

-0.03, -0.04, 1.09, -54.08, -61.51, 286.68, -0.53, -0.21, 0.03, 

-0.03, -0.04, 1.09, -54.08, -61.51, 286.68, -0.53, -0.21, 0.03, 

-0.03, -0.04, 1.09, -54.03, -61.68, 286.68, -0.53, -0.21, 0.03, 

-0.03, -0.04, 1.09, -55.66, -62.06, 286.68, -0.53, -0.21, 0.03, 

-0.03, -0.04, 1.09, -55.66, -62.06, 286.68, -0.53, -0.21, 0.03, 

-0.03, -0.04, 1.09, -55.66, -62.06, 286.68, -0.53, -0.21, 0.03, 

-0.03, -0.04, 1.09, -56.06, -62.24, 286.68, -0.53, -0.21, 0.03, 

-0.03, -0.01, -0.00, -53.16, -61.08, 286.68, -0.53, -0.21, 0.03, 

-0.03, -0.01, -0.00, -53.16, -61.08, 286.68, -0.53, -0.21, 0.03, 

-0.03, -0.01, -0.00, -53.16, -61.08, 286.68, -0.54, -0.20, 0.03, 

-0.03, -0.04, 1.09, -54.05, -61.12, 286.68, -0.54, -0.20, 0.03, 

-0.03, -0.04, 1.09, -57.03, -63.04, 286.68, -0.53, -0.20, 0.04, 

-0.03, -0.04, 1.09, -57.03, -63.04, 286.68, -0.53, -0.20, 0.04, 

-0.03, -0.04, 1.09, -57.03, -63.04, 286.68, -0.53, -0.20, 0.04, 

-0.03, -0.04, 1.08, -55.72, -61.77, 286.68, -0.53, -0.20, 0.03, 

-0.03, -0.04, 1.08, -57.54, -62.88, 286.68, -0.53, -0.20, 0.03, 

-0.03, -0.04, 1.08, -57.54, -62.88, 286.68, -0.53, -0.20, 0.03, 

-0.03, -0.04, 1.08, -57.54, -62.88, 286.68, -0.53, -0.21, 0.03, 

-0.03, -0.04, 1.09, -57.74, -62.62, 286.68, -0.53, -0.21, 0.03, 

-0.03, -0.04, 1.09, -55.09, -61.82, 286.68, -0.53, -0.21, 0.04, 

-0.03, -0.04, 1.09, -55.09, -61.82, 286.68, -0.53, -0.21, 0.04, 

-0.03, -0.04, 1.09, -55.09, -61.82, 286.68, -0.53, -0.21, 0.04, 

-0.03, -0.04, 1.11, -54.50, -61.15, 286.68, -0.53, -0.21, 0.04, 

-0.02, -0.00, -0.00, -56.45, -62.13, 286.68, -0.53, -0.21, 0.04, 

-0.02, -0.00, -0.00, -56.45, -62.13, 286.68, -0.54, -0.20, 0.04, 

-0.02, -0.00, -0.00, -56.45, -62.13, 286.68, -0.54, -0.20, 0.04, 

-0.03, -0.04, 1.09, -55.87, -61.76, 286.68, -0.54, -0.20, 0.04, 

-0.03, -0.01, -0.00, -54.70, -61.80, 286.68, -0.54, -0.20, 0.03, 

-0.03, -0.01, -0.00, -54.70, -61.80, 286.68, -0.54, -0.20, 0.03, 

-0.03, -0.01, -0.00, -54.70, -61.80, 286.68, -0.54, -0.20, 0.03, 

-0.03, -0.04, 1.09, -55.39, -61.91, 286.68, -0.54, -0.20, 0.03, 

-0.03, -0.04, 1.09, -55.37, -61.92, -0.01, -0.54, -0.20, 0.04, 

-0.03, -0.04, 1.09, -55.37, -61.92, -0.01, -0.54, -0.20, 0.04, 

-0.03, -0.04, 1.09, -55.37, -61.92, -0.01, -0.54, -0.20, 0.04, 

-0.03, -0.04, 1.09, -54.08, -61.70, 286.68, -0.54, -0.20, 0.04, 

-0.03, -0.04, 1.09, -55.51, -62.48, -0.01, -0.54, -0.20, 0.04, 

-0.03, -0.04, 1.09, -55.51, -62.48, -0.01, -0.54, -0.20, 0.04, 

-0.03, -0.04, 1.09, -55.51, -62.48, -0.01, -0.54, -0.20, 0.03, 

-0.03, -0.04, 1.09, -56.17, -62.41, 286.68, -0.54, -0.20, 0.03, 

-0.03, -0.04, 1.09, -55.21, -62.02, 286.68, -0.54, -0.20, 0.03, 

-0.03, -0.04, 1.09, -55.21, -62.02, 286.68, -0.54, -0.20, 0.03, 

-0.03, -0.04, 1.09, -55.21, -62.02, 286.68, -0.54, -0.20, 0.03, 

-0.03, -0.04, 1.10, -52.74, -60.80, 286.68, -0.54, -0.21, 0.04, 

-0.03, -0.04, 1.10, -56.17, -63.10, 286.68, -0.54, -0.21, 0.04, 

-0.03, -0.04, 1.10, -56.17, -63.10, 286.68, -0.54, -0.21, 0.03, 

-0.03, -0.04, 1.10, -56.17, -63.10, 286.68, -0.54, -0.21, 0.03, 

-0.03, -0.04, 1.09, -54.56, -61.35, 286.68, -0.54, -0.21, 0.03, 

-0.03, -0.04, 1.10, -54.87, -61.41, 286.68, -0.54, -0.21, 0.03, 

-0.03, -0.04, 1.10, -54.87, -61.41, 286.68, -0.54, -0.21, 0.03, 

-0.03, -0.04, 1.10, -54.87, -61.41, 286.68, -0.54, -0.21, 0.04, 

-0.03, -0.04, 1.09, -54.47, -61.42, 286.68, -0.54, -0.21, 0.04, 

-0.03, -0.04, 1.09, -55.42, -62.27, 286.68, -0.54, -0.21, 0.04, 

-0.03, -0.04, 1.09, -55.42, -62.27, 286.68, -0.54, -0.21, 0.04, 

-0.03, -0.04, 1.09, -55.42, -62.27, 286.68, -0.54, -0.21, 0.04, 

-0.03, -0.04, 1.09, -55.97, -61.50, 286.68, -0.54, -0.21, 0.04, 

-0.03, -0.04, 1.09, -55.23, -61.68, 286.68, -0.54, -0.21, 0.04, 

-0.03, -0.04, 1.09, -55.23, -61.68, 286.68, -0.54, -0.21, 0.04, 

-0.03, -0.04, 1.09, -55.23, -61.68, 286.68, -0.54, -0.21, 0.04, 

-0.03, -0.04, 1.09, -55.11, -61.96, 286.68, -0.54, -0.21, 0.04, 

-0.03, -0.04, 1.09, -55.32, -62.12, 286.68, -0.53, -0.21, 0.04, 

-0.03, -0.04, 1.09, -55.32, -62.12, 286.68, -0.53, -0.21, 0.04, 

-0.03, -0.04, 1.09, -55.32, -62.12, 286.68, -0.53, -0.21, 0.04, 

-0.03, -0.04, 1.09, -53.90, -61.32, 286.68, -0.53, -0.21, 0.04, 

-0.03, -0.04, 1.09, -56.66, -62.26, 286.68, -0.53, -0.21, 0.04, 

-0.03, -0.04, 1.09, -56.66, -62.26, 286.68, -0.53, -0.21, 0.04, 

-0.03, -0.04, 1.09, -56.66, -62.26, 286.68, -0.53, -0.20, 0.04, 

-0.03, -0.04, 1.09, -57.25, -63.04, 286.68, -0.53, -0.20, 0.04, 

-0.03, -0.04, 1.98, -54.19, -61.12, 286.68, -0.53, -0.21, 0.03, 

-0.03, -0.04, 1.98, -54.19, -61.12, 286.68, -0.53, -0.21, 0.03, 

-0.03, -0.04, 1.98, -54.19, -61.12, 286.68, -0.53, -0.20, 0.03, 

-0.03, -0.04, 1.09, -55.12, -61.92, 286.68, -0.53, -0.20, 0.03, 

-0.03, -0.04, 1.09, -53.95, -61.64, 286.68, -0.53, -0.20, 0.03, 

-0.03, -0.04, 1.09, -53.95, -61.64, 286.68, -0.53, -0.21, 0.04, 

-0.03, -0.04, 1.09, -53.95, -61.64, 286.68, -0.53, -0.21, 0.04, 

-0.03, -0.04, 1.09, -54.56, -61.77, 286.68, -0.53, -0.21, 0.03, 

-0.03, -0.04, 1.09, -55.25, -62.15, 286.68, -0.53, -0.21, 0.03, 

-0.03, -0.04, 1.09, -55.25, -62.15, 286.68, -0.53, -0.21, 0.03, 

-0.03, -0.04, 1.09, -55.25, -62.15, 286.68, -0.53, -0.21, 0.03, 

-0.03, -0.04, 1.09, -53.94, -60.81, 286.68, -0.53, -0.21, 0.03, 

-0.03, -0.04, 1.09, -56.13, -62.41, 286.68, -0.53, -0.21, 0.03, 

-0.03, -0.04, 1.09, -56.13, -62.41, 286.68, -0.53, -0.21, 0.03, 

-0.03, -0.04, 1.09, -56.13, -62.41, 286.68, -0.53, -0.21, 0.03, 

-0.03, -0.04, 1.09, -55.93, -61.74, 286.68, -0.53, -0.21, 0.04, 

-0.03, -0.04, 1.09, -58.43, -63.81, 286.68, -0.53, -0.21, 0.04, 

-0.03, -0.04, 1.09, -58.43, -63.81, 286.68, -0.53, -0.21, 0.04, 

-0.03, -0.04, 1.09, -58.43, -63.81, 286.68, -0.53, -0.21, 0.04, 

-0.03, -0.04, 1.09, -55.86, -62.26, 286.68, -0.53, -0.21, 0.04, 

-0.01, -0.00, -0.00, -54.60, -62.01, 286.68, -0.53, -0.21, 0.03, 

-0.01, -0.00, -0.00, -54.60, -62.01, 286.68, -0.53, -0.21, 0.03, 

-0.01, -0.00, -0.00, -54.60, -62.01, 286.68, -0.53, -0.21, 0.04, 

-0.03, -0.04, 1.09, -54.28, -61.39, 286.68, -0.53, -0.21, 0.04, 

-0.03, -0.04, 1.09, -54.28, -61.39, 286.68, -0.53, -0.21, 0.04, 

-0.03, -0.04, 1.09, -54.28, -61.39, 286.68, -0.53, -0.21, 0.04, 

-0.03, -0.04, 1.09, -54.28, -61.39, 286.68, -0.53, -0.21, 0.04, 

-0.02, -0.04, 1.10, -56.83, -63.14, 286.68, -0.53, -0.20, 0.04, 

-0.02, -0.04, 1.10, -0.80, -0.01, -0.01, -0.53, -0.20, 0.04, 

-0.02, -0.04, 1.10, -0.80, -0.01, -0.01, -0.53, -0.20, 0.04, 

-0.02, -0.04, 1.10, -0.80, -0.01, -0.01, -0.53, -0.21, 0.04, 

-0.03, -0.04, 1.10, -55.68, -62.46, 286.68, -0.53, -0.21, 0.04, 

-0.03, -0.01, -0.00, -54.64, -61.36, 286.68, -0.53, -0.21, 0.04, 

-0.03, -0.01, -0.00, -54.64, -61.36, 286.68, -0.53, -0.21, 0.04, 

-0.03, -0.01, -0.00, -54.64, -61.36, 286.68, -0.53, -0.21, 0.04, 

-0.03, -0.04, 1.09, -56.09, -62.47, 286.68, -0.54, -0.21, 0.04, 

-0.03, -0.04, 1.09, -53.98, -0.88, -0.01, -0.54, -0.21, 0.04, 

-0.03, -0.04, 1.09, -53.98, -0.88, -0.01, -0.54, -0.21, 0.04, 

-0.03, -0.04, 1.09, -53.98, -0.88, -0.01, -0.53, -0.21, 0.03, 

-0.03, -0.04, 1.09, -55.88, -62.03, 286.68, -0.53, -0.21, 0.03, 

-0.03, -0.04, 1.09, -54.13, -61.42, 286.68, -0.53, -0.21, 0.04, 

-0.03, -0.04, 1.09, -54.13, -61.42, 286.68, -0.53, -0.21, 0.04, 

-0.03, -0.04, 1.09, -54.13, -61.42, 286.68, -0.53, -0.21, 0.04, 

-0.03, -0.04, 1.09, -54.69, -61.78, 286.68, -0.53, -0.21, 0.04, 

-0.01, -0.00, -0.00, -55.97, -62.47, 286.68, -0.53, -0.21, 0.04, 

-0.01, -0.00, -0.00, -55.97, -62.47, 286.68, -0.53, -0.21, 0.04, 

-0.01, -0.00, -0.00, -55.97, -62.47, 286.68, -0.53, -0.21, 0.04, 

-0.03, -0.04, 1.09, -55.99, -62.55, 286.68, -0.53, -0.21, 0.04, 

-0.03, -0.04, 1.09, -54.85, -61.90, 286.68, -0.53, -0.21, 0.04, 

-0.03, -0.04, 1.09, -54.85, -61.90, 286.68, -0.53, -0.21, 0.04, 

-0.03, -0.04, 1.09, -54.85, -61.90, 286.68, -0.53, -0.21, 0.04, 

-0.03, -0.04, 1.09, -54.28, -61.28, 286.68, -0.53, -0.21, 0.04, 

-0.03, -0.04, 1.09, -54.71, -62.19, 286.68, -0.53, -0.21, 0.04, 

-0.03, -0.04, 1.09, -54.71, -62.19, 286.68, -0.53, -0.21, 0.04, 

-0.03, -0.04, 1.09, -54.71, -62.19, 286.68, -0.53, -0.21, 0.04, 

-0.03, -0.04, 1.10, -54.65, -62.15, 286.68, -0.53, -0.21, 0.04, 

-0.03, -0.04, 1.09, -53.85, -61.47, 286.68, -0.53, -0.21, 0.04, 

-0.03, -0.04, 1.09, -53.85, -61.47, 286.68, -0.53, -0.21, 0.04, 

-0.03, -0.04, 1.09, -53.85, -61.47, 286.68, -0.53, -0.21, 0.04, 

-0.03, -0.04, 1.08, -56.17, -62.13, 286.68, -0.53, -0.21, 0.04, 

-0.03, -0.04, 1.09, -55.38, -62.21, 286.68, -0.53, -0.21, 0.03, 

-0.03, -0.04, 1.09, -55.38, -62.21, 286.68, -0.53, -0.21, 0.03, 

-0.03, -0.04, 1.09, -55.38, -62.21, 286.68, -0.53, -0.21, 0.03, 

-0.03, -0.04, 1.08, -56.75, -62.20, 286.68, -0.53, -0.20, 0.04, 

-0.03, -0.01, -0.00, -55.33, -62.51, 286.68, -0.53, -0.20, 0.04, 

-0.03, -0.01, -0.00, -55.33, -62.51, 286.68, -0.53, -0.20, 0.04, 

-0.03, -0.01, -0.00, -55.33, -62.51, 286.68, -0.53, -0.20, 0.04, 

-0.03, -0.04, 1.09, -55.33, -62.51, 286.68, -0.53, -0.20, 0.04, 

-0.03, -0.04, 1.10, -54.44, -61.80, 286.68, -0.53, -0.21, 0.04, 

-0.03, -0.04, 1.10, -54.44, -61.80, 286.68, -0.53, -0.21, 0.04, 

-0.03, -0.04, 1.10, -54.44, -61.80, 286.68, -0.53, -0.21, 0.04, 

-0.03, -0.04, 1.10, -54.44, -61.80, 286.68, -0.53, -0.21, 0.03, 

-0.03, -0.04, 1.09, -56.33, -62.78, 286.68, -0.53, -0.21, 0.03, 

-0.03, -0.04, 1.09, -56.33, -62.78, 286.68, -0.53, -0.21, 0.03, 

-0.03, -0.04, 1.09, -56.33, -62.78, 286.68, -0.53, -0.21, 0.03, 

-0.03, -0.04, 1.09, -56.33, -62.78, 286.68, -0.53, -0.21, 0.03, 

-0.03, -0.04, 1.09, -56.53, -62.89, 286.68, -0.53, -0.21, 0.04, 

-0.03, -0.04, 1.09, -56.53, -62.89, 286.68, -0.53, -0.21, 0.04, 

-0.03, -0.04, 1.09, -56.53, -62.89, 286.68, -0.53, -0.21, 0.04, 

-0.03, -0.04, 1.09, -56.53, -62.89, 286.68, -0.53, -0.21, 0.04, 

0.01, -0.25, 1.09, -56.53, -62.89, 286.68, -0.53, -0.21, 0.04, 

0.01, -0.23, 1.09, -55.67, -86.63, 286.68, -0.53, -0.21, 0.04, 

0.01, -0.23, 1.09, -55.67, -86.63, 286.68, -0.53, -0.21, 0.04, 

0.01, -0.23, 1.09, -55.67, -86.63, 286.68, -0.53, -0.21, 0.04, 

-0.01, -0.18, 1.10, -55.67, -86.63, 286.68, -0.54, -0.20, 0.03, 

-0.01, -0.20, 1.08, -55.50, -115.42, 286.68, -0.54, -0.20, 0.03, 

-0.01, -0.20, 1.08, -55.50, -115.42, 286.68, -0.54, -0.20, 0.03, 

-0.01, -0.20, 1.08, -55.50, -115.42, 286.68, -0.54, -0.20, 0.03, 

-0.01, -0.20, 1.08, -55.50, -115.42, 286.68, -0.54, -0.20, 0.03, 

-0.04, 0.08, 1.07, 128.32, 58.36, 0.00, -0.54, -0.20, 0.03, 

-0.04, 0.08, 1.07, 128.32, 58.36, 0.00, -0.53, -0.19, 0.03, 

-0.04, 0.08, 1.07, 128.32, 58.36, 0.00, -0.53, -0.19, 0.03, 

-0.04, 0.08, 1.07, 128.32, 58.36, 0.00, -0.53, -0.19, 0.03, 

-0.03, 0.34, 1.09, 108.27, 54.60, -286.68, -0.54, -0.18, 0.03, 

-0.01, -0.00, -0.00, 89.83, 53.80, -286.68, -0.54, -0.18, 0.03, 

-0.01, -0.00, -0.00, 89.83, 53.80, -286.68, -0.54, -0.18, 0.03, 

-0.01, -0.00, -0.00, 89.83, 53.80, -286.68, -0.54, -0.18, 0.03, 

-0.06, -0.10, 1.08, 89.83, 53.80, -286.68, -0.53, -0.18, 0.03, 

-0.06, -0.13, 1.12, 46.88, 52.71, -286.68, -0.54, -0.18, 0.03, 

-0.06, -0.13, 1.12, 46.88, 52.71, -286.68, -0.54, -0.18, 0.03, 

-0.06, -0.13, 1.12, 46.88, 52.71, -286.68, -0.54, -0.18, 0.03, 

-0.06, -0.13, 1.12, 46.88, 52.71, -286.68, -0.54, -0.18, 0.03, 

-0.02, -0.06, 1.09, 51.61, 55.00, -286.68, -0.54, -0.18, 0.03, 

-0.02, -0.06, 1.09, 51.61, 55.00, -286.68, -0.53, -0.18, 0.04, 

-0.02, -0.06, 1.09, 51.61, 55.00, -286.68, -0.53, -0.18, 0.04, 

-0.02, -0.06, 1.09, 51.61, 55.00, -286.68, -0.53, -0.18, 0.04, 

-0.06, 0.00, 1.09, 51.72, 52.78, -286.68, -0.54, -0.17, 0.04, 

-0.06, 0.00, 1.09, 71.51, -0.01, -0.01, -0.54, -0.17, 0.04, 

-0.06, 0.00, 1.09, 71.51, -0.01, -0.01, -0.54, -0.17, 0.04, 

-0.06, 0.00, 1.09, 71.51, -0.01, -0.01, -0.54, -0.17, 0.04, 

-0.06, 0.00, 1.09, 71.51, -0.01, -0.01, -0.54, -0.18, 0.04, 

0.03, -0.11, 1.10, 53.31, 52.31, -286.68, -0.54, -0.18, 0.04, 

0.03, -0.11, 1.10, 53.31, 52.31, -286.68, -0.54, -0.18, 0.04, 

0.03, -0.11, 1.10, 53.31, 52.31, -286.68, -0.54, -0.18, 0.04, 

0.03, -0.11, 1.10, 53.31, 52.31, -286.68, -0.54, -0.18, 0.04, 

-0.03, -0.01, 1.12, 59.67, 42.06, -286.68, -0.54, -0.18, 0.03, 

-0.03, -0.01, 1.12, 59.67, 42.06, -286.68, -0.54, -0.18, 0.03, 

-0.03, -0.01, 1.12, 59.67, 42.06, -286.68, -0.54, -0.18, 0.03, 

-0.03, -0.01, 1.12, 59.67, 42.06, -286.68, -0.54, -0.18, 0.03, 

-0.03, -0.01, 1.12, 59.67, 42.06, -286.68, -0.54, -0.18, 0.03, 

-0.00, 0.03, 1.16, 60.58, -11.41, -286.68, -0.54, -0.18, 0.03, 

-0.00, 0.03, 1.16, 60.58, -11.41, -286.68, -0.54, -0.18, 0.03, 

-0.00, 0.03, 1.16, 60.58, -11.41, -286.68, -0.54, -0.18, 0.03, 

-0.00, 0.03, 1.16, 60.58, -11.41, -286.68, -0.54, -0.18, 0.03, 

-0.00, 0.03, 1.16, 60.58, -11.41, -286.68, -0.54, -0.18, 0.03, 

-0.00, 0.03, 1.16, 60.58, -11.41, -286.68, -0.54, -0.19, 0.03, 

-0.00, 0.03, 1.16, 60.58, -11.41, -286.68, -0.54, -0.19, 0.03, 

-0.00, 0.03, 1.16, 60.58, -11.41, -286.68, -0.54, -0.19, 0.03, 

-0.00, 0.03, 1.16, 60.58, -11.41, -286.68, -0.54, -0.19, 0.03, 

-0.00, 0.03, 1.16, 60.58, -11.41, -286.68, -0.54, -0.19, 0.03, 

-0.03, -0.09, 1.09, 49.76, 58.72, -286.68, -0.54, -0.19, 0.03, 

-0.03, -0.09, 1.09, 49.76, 58.72, -286.68, -0.54, -0.19, 0.03, 

-0.03, -0.09, 1.09, 49.76, 58.72, -286.68, -0.54, -0.19, 0.03, 

-0.03, -0.09, 1.09, 49.76, 58.72, -286.68, -0.54, -0.19, 0.03, 

-0.03, -0.09, 1.09, 49.76, 58.72, -286.68, -0.54, -0.18, 0.03, 

-0.03, -0.09, 1.09, 46.98, 34.33, -286.68, -0.54, -0.19, 0.03, 

-0.03, -0.09, 1.09, 46.98, 34.33, -286.68, -0.54, -0.19, 0.03, 

-0.03, -0.09, 1.09, 46.98, 34.33, -286.68, -0.54, -0.19, 0.03, 

-0.03, -0.09, 1.09, 46.98, 34.33, -286.68, -0.54, -0.19, 0.03, 

-0.03, -0.09, 1.15, 46.98, 34.33, -286.68, -0.54, -0.20, 0.03, 

-0.03, -0.09, 1.15, 46.98, 34.33, -286.68, -0.54, -0.20, 0.03, 

-0.03, -0.09, 1.15, 46.98, 34.33, -286.68, -0.54, -0.20, 0.03, 

-0.03, -0.09, 1.15, 46.98, 34.33, -286.68, -0.54, -0.20, 0.03, 

-0.03, -0.09, 1.15, 46.98, 34.33, -286.68, -0.54, -0.20, 0.03, 

-0.03, -0.09, 1.15, 46.98, 34.33, -286.68, -0.54, -0.20, 0.03, 

-0.03, -0.09, 1.15, 46.98, 34.33, -286.68, -0.54, -0.20, 0.03, 

-0.03, -0.09, 1.15, 46.98, 34.33, -286.68, -0.54, -0.20, 0.03, 

-0.03, -0.09, 1.15, 46.98, 34.33, -286.68, -0.54, -0.20, 0.03, 

-0.03, -0.09, 1.15, 46.98, 34.33, -286.68, -0.54, -0.21, 0.04, 

-0.03, -0.09, 1.15, 46.98, 34.33, -286.68, -0.54, -0.21, 0.04, 

-0.03, -0.09, 1.15, 46.98, 34.33, -286.68, -0.54, -0.21, 0.04, 

-0.03, -0.09, 1.15, 46.98, 34.33, -286.68, -0.54, -0.21, 0.04, 

-0.03, -0.09, 1.15, 46.98, 34.33, -286.68, -0.54, -0.21, 0.04, 

-0.03, -0.09, 1.15, 46.98, 34.33, -286.68, -0.54, -0.21, 0.04, 

-0.03, -0.09, 1.15, 46.98, 34.33, -286.68, -0.54, -0.21, 0.04, 

-0.03, -0.09, 1.15, 46.98, 34.33, -286.68, -0.54, -0.22, 0.04, 

-0.03, -0.09, 1.15, 46.98, 34.33, -286.68, -0.54, -0.22, 0.04, 

-0.03, -0.09, 1.15, 46.98, 34.33, -286.68, -0.54, -0.22, 0.04, 

-0.03, -0.09, 1.15, 46.98, 34.33, -286.68, -0.54, -0.22, 0.04, 

-0.03, -0.09, 1.15, 46.98, 34.33, -286.68, -0.53, -0.24, 0.04, 

-0.03, -0.09, 1.15, 46.98, 34.33, -286.68, -0.53, -0.24, 0.04, 

-0.03, -0.09, 1.15, 46.98, 34.33, -286.68, -0.53, -0.24, 0.04, 

-0.03, -0.09, 1.15, 46.98, 34.33, -286.68, -0.53, -0.24, 0.04, 

-0.03, -0.09, 1.15, 46.98, 34.33, -286.68, -0.53, -0.24, 0.04, 

-0.03, -0.09, 1.15, 46.98, 34.33, -286.68, -0.53, -0.24, 0.04, 

-0.03, -0.09, 1.15, 46.98, 34.33, -286.68, -0.53, -0.24, 0.04, 

-0.03, -0.09, 1.15, 46.98, 34.33, -286.68, -0.53, -0.24, 0.04, 

-0.03, -0.09, 1.15, 46.98, 34.33, -286.68, -0.53, -0.24, 0.04, 

-0.03, -0.09, 1.15, 46.98, 34.33, -286.68, -0.53, -0.24, 0.04, 

-0.03, -0.09, 1.15, 46.98, 34.33, -286.68, -0.53, -0.24, 0.04, 

-0.03, -0.09, 1.15, 46.98, 34.33, -286.68, -0.53, -0.24, 0.04, 

-0.03, -0.09, 1.15, 46.98, 34.33, -286.68, -0.53, -0.24, 0.04, 

-0.03, -0.09, 1.15, 46.98, 34.33, -286.68, -0.53, -0.24, 0.04, 

-0.03, -0.09, 1.15, 46.98, 34.33, -286.68, -0.53, -0.24, 0.04, 

-0.03, -0.09, 1.15, 46.98, 34.33, -286.68, -0.53, -0.24, 0.04, 

-0.03, -0.09, 1.15, 46.98, 34.33, -286.68, -0.53, -0.24, 0.04, 

-0.03, -0.09, 1.15, 46.98, 34.33, -286.68, -0.54, -0.27, 0.06, 

-0.03, -0.09, 1.15, 46.98, 34.33, -286.68, -0.54, -0.27, 0.06, 

-0.03, -0.09, 1.15, 46.98, 34.33, -286.68, -0.54, -0.27, 0.06, 

-0.03, -0.09, 1.15, 46.98, 34.33, -286.68, -0.54, -0.27, 0.06, 

-0.03, -0.09, 1.15, 46.98, 34.33, -286.68, -0.54, -0.27, 0.06, 

-0.03, -0.09, 1.15, 46.98, 34.33, -286.68, -0.54, -0.27, 0.06, 

-0.03, -0.09, 1.15, 46.98, 34.33, -286.68, -0.54, -0.28, 0.06, 

-0.03, -0.09, 1.15, 46.98, 34.33, -286.68, -0.54, -0.28, 0.06, 

-0.03, -0.09, 1.15, 46.98, 34.33, -286.68, -0.54, -0.28, 0.07, 

-0.03, -0.09, 1.15, 46.98, 34.33, -286.68, -0.54, -0.28, 0.07, 

-0.03, -0.09, 1.15, 46.98, 34.33, -286.68, -0.54, -0.28, 0.07, 

-0.03, -0.09, 1.15, 46.98, 34.33, -286.68, -0.54, -0.29, 0.07, 

-0.03, -0.09, 1.15, 46.98, 34.33, -286.68, -0.54, -0.29, 0.07, 

-0.03, -0.09, 1.15, 46.98, 34.33, -286.68, -0.54, -0.29, 0.07, 

-0.03, -0.09, 1.15, 46.98, 34.33, -286.68, -0.53, -0.29, 0.07, 

-0.03, -0.09, 1.15, 46.98, 34.33, -286.68, -0.53, -0.29, 0.07, 

-0.03, -0.09, 1.15, 46.98, 34.33, -286.68, -0.53, -0.29, 0.07, 

-0.03, -0.09, 1.15, 46.98, 34.33, -286.68, -0.53, -0.31, 0.08, 

-0.03, -0.09, 1.15, 46.98, 34.33, -286.68, -0.53, -0.31, 0.08, 

-0.03, -0.09, 1.15, 46.98, 34.33, -286.68, -0.53, -0.31, 0.08, 

-0.03, -0.09, 1.15, 46.98, 34.33, -286.68, -0.53, -0.31, 0.08, 

-0.03, -0.09, 1.15, 46.98, 34.33, -286.68, -0.53, -0.31, 0.09, 

-0.03, -0.09, 1.15, 46.98, 34.33, -286.68, -0.53, -0.31, 0.09, 

-0.03, -0.09, 1.15, 46.98, 34.33, -286.68, -0.53, -0.31, 0.09, 

-0.03, -0.09, 1.15, 46.98, 34.33, -286.68, -0.53, -0.32, 0.09, 

-0.03, -0.09, 1.15, 46.98, 34.33, -286.68, -0.53, -0.32, 0.09, 

-0.03, -0.09, 1.15, 46.98, 34.33, -286.68, -0.53, -0.32, 0.09, 

-0.03, -0.09, 1.15, 46.98, 34.33, -286.68, -0.53, -0.32, 0.09, 

-0.03, -0.09, 1.15, 46.98, 34.33, -286.68, -0.53, -0.32, 0.09, 

-0.03, -0.09, 1.15, 46.98, 34.33, -286.68, -0.53, -0.32, 0.09, 

-0.03, -0.09, 1.15, 46.98, 34.33, -286.68, -0.53, -0.33, 0.10, 

-0.03, -0.09, 1.15, 46.98, 34.33, -286.68, -0.53, -0.33, 0.10, 

-0.03, -0.09, 1.15, 46.98, 34.33, -286.68, -0.53, -0.33, 0.10, 

-0.03, -0.09, 1.15, 46.98, 34.33, -286.68, -0.53, -0.33, 0.10, 

-0.03, -0.09, 1.15, 46.98, 34.33, -286.68, -0.53, -0.33, 0.10, 

-0.03, -0.09, 1.15, 46.98, 34.33, -286.68, -0.53, -0.33, 0.10, 

-0.03, -0.09, 1.15, 46.98, 34.33, -286.68, -0.53, -0.33, 0.10, 

-0.03, -0.09, 1.15, 46.98, 34.33, -286.68, -0.53, -0.34, 0.11, 

-0.03, -0.09, 1.15, 46.98, 34.33, -286.68, -0.53, -0.34, 0.11, 

-0.03, -0.09, 1.15, 46.98, 34.33, -286.68, -0.53, -0.34, 0.11, 

-0.03, -0.09, 1.15, 46.98, 34.33, -286.68, -0.53, -0.34, 0.11, 

-0.03, -0.09, 1.15, 46.98, 34.33, -286.68, -0.53, -0.34, 0.11, 

-0.03, -0.09, 1.15, 46.98, 34.33, -286.68, -0.53, -0.34, 0.11, 

-0.03, -0.09, 1.15, 46.98, 34.33, -286.68, -0.54, -0.35, 0.12, 

-0.03, -0.09, 1.15, 46.98, 34.33, -286.68, -0.54, -0.35, 0.12, 

-0.03, -0.09, 1.15, 46.98, 34.33, -286.68, -0.54, -0.35, 0.12, 

-0.03, -0.09, 1.15, 58.61, -64.71, 286.68, -0.53, -0.35, 0.12, 

-0.03, -0.09, 1.15, 58.61, -64.71, 286.68, -0.53, -0.35, 0.12, 

-0.03, -0.09, 1.15, 58.61, -64.71, 286.68, -0.53, -0.35, 0.12, 

-0.03, -0.09, 1.15, 58.61, -64.71, 286.68, -0.54, -0.35, 0.13, 

-0.01, -0.82, 0.67, 57.48, -65.58, 286.68, -0.54, -0.35, 0.13, 

-0.01, -0.82, 0.67, 57.48, -65.58, 286.68, -0.54, -0.35, 0.13, 

-0.01, -0.82, 0.67, 57.48, -65.58, 286.68, -0.53, -0.36, 0.13, 

-0.01, -0.82, 0.67, 57.48, -65.58, 286.68, -0.53, -0.36, 0.13, 

-0.02, -0.88, 0.58, 61.92, -64.22, 286.68, -0.53, -0.35, 0.14, 

-0.02, -0.88, 0.58, 61.92, -64.22, 286.68, -0.53, -0.35, 0.14, 

-0.02, -0.88, 0.58, 61.92, -64.22, 286.68, -0.53, -0.35, 0.14, 

-0.02, -0.88, 0.58, 61.92, -64.22, 286.68, -0.54, -0.36, 0.14, 

-0.02, -0.88, 0.60, 61.92, -64.22, 286.68, -0.54, -0.36, 0.14, 

-0.01, -0.87, 0.59, 58.44, -64.37, 286.68, -0.54, -0.36, 0.14, 

-0.01, -0.87, 0.59, 58.44, -64.37, 286.68, -0.54, -0.36, 0.15, 

-0.01, -0.87, 0.59, 58.44, -64.37, 286.68, -0.54, -0.36, 0.15, 

-0.01, -0.87, 0.59, 58.44, -64.37, 286.68, -0.54, -0.36, 0.15, 

-0.01, -0.89, 0.55, 63.11, -64.50, 286.68, -0.54, -0.36, 0.15, 

-0.01, -0.89, 0.55, 63.11, -64.50, 286.68, -0.54, -0.36, 0.15, 

-0.01, -0.89, 0.55, 63.11, -64.50, 286.68, -0.54, -0.37, 0.16, 

-0.01, -0.89, 0.55, 63.11, -64.50, 286.68, -0.54, -0.37, 0.16, 

0.03, -0.92, 0.50, 70.19, -64.56, 286.68, -0.54, -0.37, 0.16, 

0.02, -0.92, 0.49, 74.44, -63.72, 286.68, -0.53, -0.37, 0.17, 

0.02, -0.92, 0.49, 74.44, -63.72, 286.68, -0.53, -0.37, 0.17, 

0.02, -0.92, 0.49, 74.44, -63.72, 286.68, -0.53, -0.37, 0.17, 

-0.03, -0.94, 0.45, 78.37, -63.19, 286.68, -0.53, -0.37, 0.17, 

-0.04, -0.96, 0.43, 72.13, -63.39, 286.68, -0.53, -0.37, 0.17, 

-0.04, -0.96, 0.43, 72.13, -63.39, 286.68, -0.54, -0.37, 0.17, 

-0.06, -0.96, 0.42, 61.57, -63.92, 286.68, -0.54, -0.37, 0.17, 

-0.05, -0.96, 0.41, 57.34, -63.10, 286.68, -0.53, -0.38, 0.18, 

-0.05, -0.96, 0.41, 70.37, -0.01, -0.01, -0.53, -0.38, 0.18, 

-0.05, -0.96, 0.41, 70.37, -0.01, -0.01, -0.54, -0.38, 0.19, 

-0.01, -0.97, 0.38, 53.48, -63.51, 286.68, -0.54, -0.38, 0.19, 

0.00, -0.98, 0.36, 53.31, -63.70, 286.68, -0.53, -0.37, 0.19, 

0.00, -0.98, 0.36, 53.31, -63.70, 286.68, -0.53, -0.37, 0.19, 

-0.03, -0.99, 0.33, 47.94, -63.29, 286.68, -0.53, -0.37, 0.19, 

-0.03, -1.00, 0.32, 44.92, -62.89, 286.68, -0.53, -0.37, 0.19, 

-0.02, -1.01, 0.30, 36.75, -62.47, 286.68, -0.53, -0.37, 0.20, 

-0.01, -1.01, 0.29, 26.69, -63.03, 286.68, -0.53, -0.37, 0.20, 

-0.01, -1.01, 0.31, 18.02, -62.49, 286.68, -0.54, -0.38, 0.21, 

-0.01, -1.00, 0.31, 7.85, -64.25, 286.68, -0.54, -0.38, 0.21, 

-0.01, -0.99, 0.33, 6.47, -63.02, 286.68, -0.53, -0.38, 0.21, 

-0.01, -1.00, 0.30, 6.05, -62.69, 286.68, -0.53, -0.38, 0.21, 

-0.01, -1.01, 0.29, 4.47, -63.70, 286.68, -0.53, -0.38, 0.21, 

-0.01, -1.00, 0.29, 0.74, -63.61, 286.68, -0.53, -0.38, 0.21, 

-0.01, -1.00, 0.29, 1.17, -63.29, 286.68, -0.54, -0.38, 0.22, 

-0.01, -0.99, 0.30, -0.81, -65.04, 286.68, -0.54, -0.38, 0.22, 

-0.01, -0.98, 0.32, 3.85, -63.50, 286.68, -0.54, -0.38, 0.22, 

-0.01, -0.99, 0.31, 8.89, -63.33, 286.68, -0.54, -0.38, 0.22, 

-0.01, -0.98, 0.29, 9.88, -63.39, 286.68, -0.54, -0.38, 0.22, 

-0.02, -0.99, 0.29, 14.26, -65.12, 286.68, -0.54, -0.38, 0.22, 

-0.02, -0.99, 0.27, 17.74, -65.62, 286.68, -0.54, -0.38, 0.22, 

-0.00, -1.01, 0.24, 23.00, -64.31, 286.68, -0.54, -0.38, 0.23, 

-0.00, -1.01, 0.23, 23.63, -64.76, 286.68, -0.54, -0.38, 0.23, 

0.00, -1.01, 0.22, 24.47, -64.01, 286.68, -0.53, -0.38, 0.22, 

-0.01, -1.01, 0.21, 20.96, -64.64, 286.68, -0.53, -0.38, 0.22, 

-0.00, -1.01, 0.20, 21.70, -63.05, 286.68, -0.53, -0.38, 0.23, 

-0.01, -1.02, 0.19, 18.08, -64.01, 286.68, -0.53, -0.38, 0.23, 

-0.01, -1.05, 0.17, 15.03, -64.40, 286.68, -0.53, -0.39, 0.23, 

0.00, -1.05, 0.13, 12.65, -63.36, 286.68, -0.53, -0.39, 0.23, 

-0.01, -1.04, 0.12, 5.85, -63.33, 286.68, -0.53, -0.39, 0.23, 

-0.01, -1.04, 0.13, -3.80, -64.01, 286.68, -0.53, -0.39, 0.23, 

-0.01, -1.03, 0.14, -6.16, -62.55, 286.68, -0.53, -0.39, 0.24, 

-0.01, -1.03, 0.15, -13.45, -63.92, 286.68, -0.53, -0.39, 0.24, 

-0.00, -1.02, 0.17, -14.75, -63.17, 286.68, -0.53, -0.39, 0.25, 

-0.00, -1.02, 0.16, -16.78, -64.37, 286.68, -0.53, -0.39, 0.25, 

-0.01, -1.02, 0.15, -14.85, -63.08, 286.68, -0.53, -0.38, 0.25, 

-0.00, -1.03, 0.12, -14.39, -62.62, 286.68, -0.53, -0.38, 0.25, 

0.00, -1.02, 0.15, -19.45, -63.89, 286.68, -0.53, -0.39, 0.25, 

-0.00, -1.02, 0.12, -18.40, -63.65, 286.68, -0.53, -0.39, 0.25, 

0.00, -1.02, 0.12, -17.49, -63.03, 286.68, -0.54, -0.38, 0.26, 

-0.00, -1.01, 0.12, -16.84, -63.84, 286.68, -0.53, -0.38, 0.25, 

-0.00, -1.02, 0.13, -15.33, -63.86, 286.68, -0.53, -0.38, 0.25, 

0.01, -1.03, 0.11, -12.42, -63.08, 286.68, -0.53, -0.38, 0.25, 

0.01, -1.01, 0.12, -9.67, -64.24, 286.68, -0.53, -0.38, 0.25, 

0.01, -1.03, 0.10, -7.85, -64.01, 286.68, -0.53, -0.38, 0.25, 

0.01, -1.02, 0.07, -3.56, -63.75, 286.68, -0.53, -0.38, 0.25, 

-0.01, -1.00, 0.12, -5.00, -64.04, 286.68, -0.53, -0.38, 0.25, 

-0.00, -1.02, 0.14, -3.64, -64.45, 286.68, -0.53, -0.38, 0.25, 

-0.00, -1.02, 0.09, -1.62, -64.49, 286.68, -0.53, -0.38, 0.25, 

-0.00, -1.02, 0.10, -2.18, -64.59, 286.68, -0.53, -0.38, 0.25, 

-0.01, -1.03, 0.09, -1.40, -64.14, 286.68, -0.54, -0.38, 0.25, 

-0.00, -1.04, 0.04, -2.53, -63.48, 286.68, -0.54, -0.38, 0.25, 

-0.00, -1.04, 0.03, -3.56, -62.31, 286.68, -0.54, -0.38, 0.25, 

-0.00, -1.06, 0.04, -11.95, -63.95, 286.68, -0.54, -0.38, 0.25, 

-0.01, -1.04, 0.05, -15.89, -64.50, 286.68, -0.53, -0.38, 0.25, 

-0.01, -1.05, 0.06, -20.76, -63.94, 286.68, -0.53, -0.38, 0.25, 

-0.02, -1.04, 0.04, -22.18, -62.53, 286.68, -0.53, -0.38, 0.25, 

-0.02, -1.03, 0.05, -27.39, -63.05, 286.68, -0.53, -0.38, 0.25, 

-0.02, -1.05, 0.05, -32.24, -63.43, 286.68, -0.53, -0.38, 0.25, 

-0.02, -1.05, 0.04, -37.43, -63.88, 286.68, -0.53, -0.38, 0.25, 

-0.02, -1.04, 0.06, -42.67, -62.47, 286.68, -0.53, -0.38, 0.25, 

-0.02, -1.04, 0.04, -46.98, -62.57, 286.68, -0.53, -0.38, 0.25, 

-0.03, -1.04, 0.06, -50.99, -63.04, 286.68, -0.53, -0.38, 0.25, 

-0.02, -1.03, 0.05, -53.00, -62.34, 286.68, -0.53, -0.38, 0.25, 

-0.01, -1.02, 0.05, -53.88, -61.52, 286.68, -0.53, -0.38, 0.25, 

-0.01, -1.02, 0.06, -56.43, -62.55, 286.68, -0.53, -0.39, 0.24, 

-0.00, -1.03, 0.06, -54.38, -62.24, 286.68, -0.53, -0.38, 0.25, 

-0.00, -1.03, 0.05, -58.21, -63.41, 286.68, -0.53, -0.38, 0.25, 

-0.01, -1.03, 0.04, -56.19, -63.77, 286.68, -0.53, -0.38, 0.24, 

0.00, -1.03, 0.05, -57.92, -63.53, 286.68, -0.53, -0.38, 0.24, 

-0.01, -1.04, 0.03, -53.31, -61.60, 286.68, -0.53, -0.39, 0.25, 

-0.01, -1.03, 0.04, -56.67, -61.97, 286.68, -0.53, -0.39, 0.25, 

0.00, -1.02, 0.06, -60.37, -62.48, 286.68, -0.54, -0.38, 0.25, 

-0.00, -1.02, 0.06, -60.05, -62.04, 286.68, -0.54, -0.38, 0.25, 

-0.01, -1.02, 0.07, -56.35, -61.08, 286.68, -0.54, -0.39, 0.25, 

-0.00, -1.02, 0.07, -57.57, -63.20, 286.68, -0.54, -0.39, 0.25, 

-0.01, -1.02, 0.06, -51.14, -61.87, 286.68, -0.53, -0.38, 0.25, 

-0.01, -1.03, 0.05, -50.90, -62.77, 286.68, -0.53, -0.38, 0.25, 

-0.01, -1.04, 0.05, -50.05, -62.09, 286.68, -0.53, -0.38, 0.25, 

-0.01, -1.04, 0.05, -52.51, -62.72, 286.68, -0.53, -0.38, 0.25, 

-0.02, -1.02, 0.06, -52.13, -62.37, 286.68, -0.54, -0.38, 0.24, 

-0.01, -1.02, 0.06, -53.81, -63.18, 286.68, -0.54, -0.38, 0.24, 

-0.02, -1.02, 0.06, -52.87, -62.51, 286.68, -0.53, -0.38, 0.25, 

-0.01, -1.01, 0.08, -53.10, -62.80, 286.68, -0.53, -0.38, 0.25, 

-0.01, -1.02, 0.08, -51.47, -62.49, 286.68, -0.53, -0.38, 0.25, 

-0.00, -1.02, 0.08, -49.06, -64.21, 286.68, -0.53, -0.38, 0.25, 

0.02, -1.02, 0.06, -41.17, -62.31, 286.68, -0.53, -0.38, 0.24, 

0.00, -1.02, 0.06, -38.04, -63.03, 286.68, -0.53, -0.38, 0.24, 

0.01, -1.03, 0.03, -34.32, -63.10, 286.68, -0.54, -0.38, 0.25, 

-0.01, -1.02, 0.07, -31.11, -63.89, 286.68, -0.54, -0.38, 0.25, 

-0.01, -1.00, 0.08, -27.53, -63.52, 286.68, -0.54, -0.38, 0.25, 

-0.02, -1.02, 0.07, -20.88, -62.98, 286.68, -0.54, -0.38, 0.25, 

-0.00, -1.03, 0.02, -16.69, -63.70, 286.68, -0.53, -0.38, 0.25, 

-0.00, -1.10, 0.04, -21.44, -63.48, 286.68, -0.53, -0.38, 0.25, 

-0.03, -1.02, -0.08, -44.00, -62.70, 286.68, -0.53, -0.38, 0.25, 

-0.01, -1.03, 0.01, -48.19, -62.37, 286.68, -0.53, -0.38, 0.25, 

-0.03, -1.04, 0.06, -51.99, -62.40, 286.68, -0.53, -0.38, 0.25, 

-0.02, -1.03, 0.04, -59.10, -64.64, 286.68, -0.53, -0.38, 0.25, 

-0.01, -1.04, 0.00, -59.35, -63.02, 286.68, -0.53, -0.38, 0.24, 

-0.01, -1.04, 0.00, -64.73, -63.16, 286.68, -0.53, -0.38, 0.24, 

-0.05, -1.01, 0.06, -68.79, -62.46, 286.68, -0.54, -0.38, 0.25, 

0.02, -1.01, 0.04, -67.13, -62.71, 286.68, -0.54, -0.38, 0.25, 

0.01, -1.00, 0.05, -61.48, -62.38, 286.68, -0.54, -0.38, 0.25, 

0.00, -1.01, 0.04, -57.17, -61.94, 286.68, -0.54, -0.38, 0.25, 

0.00, -1.01, 0.05, -52.37, -63.07, 286.68, -0.53, -0.38, 0.25, 

-0.00, -1.01, 0.07, -45.50, -62.68, 286.68, -0.53, -0.38, 0.25, 

-0.01, -1.02, 0.06, -39.03, -63.32, 286.68, -0.54, -0.38, 0.25, 

0.01, -1.05, -0.03, -36.85, -64.21, 286.68, -0.54, -0.38, 0.25, 

-0.01, -1.04, -0.01, -45.71, -63.87, 286.68, -0.54, -0.38, 0.26, 

-0.01, -1.04, 0.02, -50.96, -63.46, 286.68, -0.54, -0.38, 0.26, 

-0.01, -1.03, 0.01, -55.05, -63.46, 286.68, -0.53, -0.38, 0.25, 

-0.01, -1.04, 0.01, -58.31, -61.64, 286.68, -0.53, -0.38, 0.25, 

0.00, -1.02, 0.03, -61.56, -61.56, 286.68, -0.54, -0.38, 0.25, 

0.01, -1.00, 0.06, -62.04, -62.93, 286.68, -0.54, -0.38, 0.25, 

-0.01, -1.01, 0.09, -53.92, -61.91, 286.68, -0.54, -0.38, 0.25, 

0.03, -1.01, -0.03, -49.35, -63.76, 286.68, -0.54, -0.38, 0.25, 

0.02, -1.05, -0.06, -49.46, -62.35, 286.68, -0.54, -0.38, 0.25, 

0.01, -1.00, -0.02, -51.32, -61.78, 286.68, -0.54, -0.38, 0.25, 

-0.01, -1.02, 0.05, -52.60, -62.32, 286.68, -0.54, -0.38, 0.25, 

-0.05, -1.03, 0.10, -53.10, -63.46, 286.68, -0.54, -0.38, 0.25, 

-0.03, -1.03, 0.11, -49.63, -63.26, 286.68, -0.54, -0.38, 0.25, 

-0.02, -1.01, 0.05, -49.34, -62.85, 286.68, -0.54, -0.38, 0.25, 

-0.06, -1.04, 0.04, -47.38, -62.28, 286.68, -0.54, -0.39, 0.25, 

-0.05, -1.05, -0.01, -53.51, -63.24, 286.68, -0.54, -0.39, 0.25, 

-0.02, -1.04, -0.02, -59.66, -62.45, 286.68, -0.53, -0.38, 0.25, 

0.03, -1.00, 0.04, -65.78, -62.98, 286.68, -0.53, -0.38, 0.25, 

0.02, -1.01, 0.06, -56.44, -61.64, 286.68, -0.54, -0.38, 0.25, 

0.04, -1.01, 0.05, -54.76, -62.13, 286.68, -0.54, -0.38, 0.25, 

-0.01, -1.01, 0.05, -50.83, -61.99, 286.68, -0.54, -0.38, 0.25, 

-0.01, -1.03, 0.02, -49.71, -64.30, 286.68, -0.54, -0.38, 0.25, 

-0.00, -1.03, 0.01, -44.89, -61.73, 286.68, -0.53, -0.38, 0.25, 

-0.01, -1.03, 0.01, -51.66, -62.55, 286.68, -0.53, -0.38, 0.25, 

-0.01, -1.02, 0.03, -54.18, -61.97, 286.68, -0.54, -0.38, 0.25, 

-0.01, -1.02, 0.05, -55.72, -63.17, 286.68, -0.54, -0.38, 0.25, 

-0.00, -1.03, 0.04, -51.33, -60.71, 286.68, -0.54, -0.38, 0.25, 

-0.00, -1.03, 0.03, -52.58, -62.67, 286.68, -0.54, -0.38, 0.25, 

-0.01, -1.02, 0.03, -53.17, -62.28, 286.68, -0.53, -0.38, 0.25, 

0.02, -1.01, -0.04, -53.42, -61.93, 286.68, -0.53, -0.38, 0.25, 

0.02, -1.01, 0.01, -53.37, -62.00, 286.68, -0.54, -0.38, 0.25, 

-0.02, -1.01, 0.05, -49.65, -62.56, 286.68, -0.54, -0.38, 0.25, 

-0.08, -1.02, 0.08, -45.78, -62.06, 286.68, -0.53, -0.38, 0.24, 

-0.03, -1.02, 0.10, -43.67, -62.14, 286.68, -0.53, -0.38, 0.24, 

-0.03, -1.02, 0.10, -38.74, -61.40, 286.68, -0.53, -0.38, 0.25, 

0.01, -1.03, -0.01, -39.47, -62.78, 286.68, -0.53, -0.38, 0.25, 

-0.00, -1.04, -0.01, -42.84, -60.51, 286.68, -0.54, -0.38, 0.24, 

-0.01, -1.04, -0.01, -49.30, -62.08, 286.68, -0.54, -0.38, 0.24, 

-0.00, -1.04, -0.01, -55.53, -62.99, 286.68, -0.54, -0.38, 0.25, 

-0.01, -1.03, 0.00, -61.21, -62.19, 286.68, -0.54, -0.38, 0.25, 

-0.01, -1.02, 0.03, -63.97, -62.33, 286.68, -0.53, -0.38, 0.25, 

-0.01, -1.02, 0.05, -63.35, -61.24, 286.68, -0.53, -0.38, 0.25, 

-0.02, -1.01, 0.08, -62.21, -61.93, 286.68, -0.54, -0.38, 0.25, 

-0.01, -1.00, 0.09, -60.22, -63.11, 286.68, -0.54, -0.38, 0.25, 

0.00, -1.01, 0.05, -50.51, -61.18, 286.68, -0.53, -0.38, 0.24, 

0.00, -1.03, 0.01, -47.92, -62.38, 286.68, -0.53, -0.38, 0.24, 

-0.00, -1.03, 0.01, -48.13, -62.63, 286.68, -0.53, -0.38, 0.25, 

-0.00, -1.03, 0.02, -50.21, -63.45, 286.68, -0.53, -0.38, 0.25, 

-0.00, -1.03, 0.03, -48.56, -62.03, 286.68, -0.54, -0.38, 0.25, 

-0.01, -1.03, 0.03, -49.94, -63.03, 286.68, -0.54, -0.38, 0.25, 

-0.01, -1.03, 0.03, -52.38, -63.66, 286.68, -0.54, -0.38, 0.25, 

-0.01, -1.03, 0.02, -53.80, -62.97, 286.68, -0.54, -0.37, 0.25, 

-0.00, -1.03, 0.02, -52.78, -62.09, 286.68, -0.54, -0.37, 0.25, 

-0.00, -1.03, 0.02, -55.48, -62.69, 286.68, -0.54, -0.38, 0.25, 

-0.01, -1.02, 0.03, -55.69, -62.55, 286.68, -0.54, -0.38, 0.25, 

-0.00, -1.02, 0.03, -54.58, -61.34, 286.68, -0.53, -0.38, 0.25, 

-0.00, -1.02, 0.04, -57.22, -62.62, 286.68, -0.53, -0.38, 0.25, 

-0.01, -1.02, 0.04, -53.87, -61.25, 286.68, -0.54, -0.38, 0.25, 

-0.01, -1.02, 0.03, -55.00, -63.13, 286.68, -0.54, -0.38, 0.25, 

-0.01, -1.02, 0.05, -52.04, -62.43, 286.68, -0.54, -0.38, 0.25, 

-0.00, -1.02, 0.04, -50.92, -62.85, 286.68, -0.54, -0.38, 0.25, 

-0.00, -1.02, 0.04, -47.79, -62.09, 286.68, -0.54, -0.38, 0.25, 

-0.01, -1.02, 0.04, -48.33, -63.34, 286.68, -0.54, -0.38, 0.25, 

-0.00, -1.02, 0.04, -47.26, -62.83, 286.68, -0.54, -0.37, 0.25, 

-0.01, -1.02, 0.02, -47.74, -63.48, 286.68, -0.54, -0.37, 0.25, 

-0.00, -1.02, 0.03, -49.55, -64.38, 286.68, -0.54, -0.38, 0.25, 

-0.01, -1.03, 0.03, -45.80, -63.08, 286.68, -0.54, -0.38, 0.25, 

-0.01, -1.02, 0.02, -45.85, -62.58, 286.68, -0.53, -0.37, 0.26, 

-0.01, -1.02, 0.04, -45.09, -62.44, 286.68, -0.53, -0.37, 0.26, 

-0.01, -1.03, 0.03, -48.40, -63.23, 286.68, -0.53, -0.38, 0.25, 

-0.00, -1.03, 0.01, -49.20, -62.57, 286.68, -0.53, -0.38, 0.25, 

-0.00, -1.03, 0.00, -52.19, -63.85, 286.68, -0.53, -0.38, 0.25, 

0.00, -1.03, -0.00, -54.32, -63.49, 286.68, -0.53, -0.38, 0.25, 

-0.00, -1.03, 0.01, -53.82, -62.33, 286.68, -0.53, -0.38, 0.25, 

-0.00, -1.03, 0.02, -54.70, -62.17, 286.68, -0.54, -0.37, 0.25, 

-0.01, -1.02, 0.02, -59.59, -63.10, 286.68, -0.54, -0.38, 0.25, 

-0.01, -1.02, 0.02, -58.35, -62.28, 286.68, -0.54, -0.38, 0.25, 

-0.00, -1.03, 0.02, -58.52, -63.14, 286.68, -0.54, -0.38, 0.25, 

-0.01, -1.02, 0.03, -60.51, -62.18, 286.68, -0.54, -0.38, 0.25, 

-0.01, -1.02, 0.04, -58.98, -61.85, 286.68, -0.54, -0.38, 0.25, 

-0.01, -1.02, 0.04, -59.59, -62.21, 286.68, -0.53, -0.38, 0.25, 

-0.00, -1.02, 0.05, -59.59, -62.41, 286.68, -0.53, -0.38, 0.25, 

-0.00, -1.02, 0.05, -57.93, -62.69, 286.68, -0.53, -0.38, 0.25, 

-0.01, -1.02, 0.04, -55.31, -62.88, 286.68, -0.53, -0.38, 0.25, 

-0.01, -1.02, 0.04, -52.51, -62.47, 286.68, -0.54, -0.38, 0.25, 

-0.00, -1.02, 0.04, -49.81, -62.40, 286.68, -0.54, -0.38, 0.25, 

-0.00, -1.02, 0.04, -48.39, -62.07, 286.68, -0.53, -0.38, 0.25, 

-0.01, -1.02, 0.03, -48.66, -63.16, 286.68, -0.53, -0.38, 0.25, 

-0.00, -1.02, 0.04, -47.04, -62.48, 286.68, -0.53, -0.38, 0.25, 

-0.00, -1.03, 0.03, -47.15, -63.16, 286.68, -0.53, -0.38, 0.25, 

-0.00, -1.02, 0.03, -44.74, -61.91, 286.68, -0.54, -0.37, 0.25, 

-0.01, -1.03, 0.02, -47.91, -62.93, 286.68, -0.54, -0.37, 0.25, 

-0.01, -1.03, 0.02, -46.44, -62.26, 286.68, -0.53, -0.38, 0.24, 

-0.01, -1.02, 0.02, -48.03, -62.37, 286.68, -0.53, -0.38, 0.24, 

-0.01, -1.02, 0.02, -50.14, -62.29, 286.68, -0.53, -0.38, 0.25, 

-0.01, -1.02, 0.02, -50.47, -62.33, 286.68, -0.53, -0.38, 0.25, 

-0.01, -1.03, 0.02, -51.03, -61.90, 286.68, -0.53, -0.38, 0.25, 

-0.00, -1.03, 0.02, -54.41, -63.04, 286.68, -0.53, -0.38, 0.25, 

-0.01, -1.02, 0.02, -52.20, -61.70, 286.68, -0.53, -0.37, 0.25, 

-0.00, -1.03, 0.02, -56.27, -63.39, 286.68, -0.53, -0.37, 0.25, 

-0.01, -1.02, 0.02, -53.79, -61.59, 286.68, -0.54, -0.38, 0.25, 

-0.01, -1.03, 0.02, -57.60, -60.90, 286.68, -0.54, -0.38, 0.25, 

-0.00, -1.03, 0.01, -56.50, -61.93, 286.68, -0.54, -0.38, 0.25, 

0.00, -1.03, 0.00, -58.60, -62.60, 286.68, -0.54, -0.38, 0.25, 

-0.00, -1.02, 0.02, -58.88, -61.25, 286.68, -0.53, -0.38, 0.25, 

-0.00, -1.02, 0.03, -59.90, -62.19, 286.68, -0.53, -0.38, 0.25, 

-0.00, -1.02, 0.04, -59.47, -62.68, 286.68, -0.54, -0.38, 0.25, 

-0.01, -1.02, 0.05, -58.04, -62.28, 286.68, -0.54, -0.38, 0.25, 

-0.01, -1.02, 0.06, -54.96, -63.96, 286.68, -0.53, -0.38, 0.25, 

-0.02, -1.03, 0.06, -52.33, -62.78, 286.68, -0.53, -0.38, 0.25, 

0.06, -0.85, 0.04, -50.29, -62.84, 286.68, -0.53, -0.38, 0.25, 

0.04, -1.02, 0.05, -50.70, -62.75, 286.68, -0.53, -0.38, 0.25, 

0.00, -1.03, 0.01, -48.02, -61.86, 286.68, -0.53, -0.38, 0.25, 

-0.00, -1.02, 0.02, -49.10, -60.50, 286.68, -0.53, -0.38, 0.25, 

-0.01, -1.03, 0.03, -46.24, -61.60, 286.68, -0.54, -0.38, 0.25, 

-0.01, -1.03, 0.03, -48.76, -63.34, 286.68, -0.54, -0.38, 0.25, 

-0.01, -1.02, 0.03, -48.03, -62.88, 286.68, -0.53, -0.38, 0.25, 

-0.01, -1.03, 0.02, -49.99, -63.67, 286.68, -0.53, -0.38, 0.25, 

-0.00, -1.03, 0.02, -51.23, -63.21, 286.68, -0.53, -0.38, 0.25, 

-0.00, -1.02, 0.02, -51.12, -63.60, 286.68, -0.53, -0.38, 0.25, 

-0.00, -1.03, 0.02, -50.37, -62.88, 286.68, -0.53, -0.38, 0.25, 

-0.00, -1.02, 0.02, -51.51, -62.52, 286.68, -0.53, -0.38, 0.25, 

-0.00, -1.02, 0.02, -51.11, -62.44, 286.68, -0.54, -0.38, 0.26, 

-0.01, -1.02, 0.02, -52.91, -62.70, 286.68, -0.54, -0.38, 0.26, 

-0.00, -1.02, 0.02, -52.77, -62.26, 286.68, -0.54, -0.38, 0.25, 

-0.01, -1.03, 0.02, -54.50, -62.98, 286.68, -0.54, -0.38, 0.25, 

-0.01, -1.03, 0.02, -54.45, -62.30, 286.68, -0.53, -0.37, 0.25, 

-0.01, -1.02, 0.02, -54.42, -62.39, 286.68, -0.53, -0.37, 0.25, 

-0.01, -1.02, 0.02, -54.64, -62.55, 286.68, -0.53, -0.37, 0.25, 

-0.01, -1.02, 0.03, -56.17, -62.93, 286.68, -0.53, -0.37, 0.25, 

-0.00, -1.02, 0.03, -53.87, -61.71, 286.68, -0.53, -0.38, 0.26, 

-0.01, -1.02, 0.03, -55.62, -62.79, 286.68, -0.53, -0.38, 0.26, 

-0.00, -1.02, 0.03, -54.03, -62.22, 286.68, -0.53, -0.38, 0.25, 

-0.00, -1.02, 0.03, -54.84, -63.00, 286.68, -0.53, -0.38, 0.25, 

-0.00, -1.02, 0.03, -51.89, -61.54, 286.68, -0.53, -0.38, 0.26, 

-0.00, -1.02, 0.03, -54.42, -62.94, 286.68, -0.53, -0.38, 0.26, 

-0.00, -1.03, 0.03, -51.10, -61.19, 286.68, -0.53, -0.38, 0.26, 

-0.00, -1.02, 0.03, -52.87, -62.97, 286.68, -0.53, -0.38, 0.26, 

-0.00, -1.02, 0.03, -51.81, -62.06, 286.68, -0.53, -0.38, 0.25, 

-0.01, -1.02, 0.03, -51.92, -62.10, 286.68, -0.53, -0.38, 0.25, 

-0.00, -1.02, 0.03, -51.56, -63.51, 286.68, -0.54, -0.38, 0.25, 

-0.00, -1.02, 0.03, -54.68, -64.06, 286.68, -0.54, -0.38, 0.25, 

-0.01, -1.03, 0.03, -50.99, -61.84, 286.68, -0.53, -0.38, 0.25, 

-0.01, -1.02, 0.03, -52.20, -63.14, 286.68, -0.53, -0.38, 0.25, 

-0.01, -1.02, 0.03, -52.48, -63.09, 286.68, -0.53, -0.38, 0.25, 

-0.00, -1.02, 0.03, -54.64, -63.68, 286.68, -0.53, -0.38, 0.25, 

-0.01, -1.02, 0.03, -50.56, -62.06, 286.68, -0.53, -0.38, 0.25, 

-0.00, -1.02, 0.03, -53.11, -62.98, 286.68, -0.53, -0.38, 0.25, 

-0.00, -1.02, 0.02, -53.02, -62.66, 286.68, -0.53, -0.38, 0.25, 

-0.00, -1.02, 0.02, -51.66, -62.74, 286.68, -0.53, -0.38, 0.25, 

-0.00, -1.02, 0.03, -51.21, -62.10, 286.68, -0.53, -0.38, 0.25, 

-0.01, -1.03, 0.03, -52.34, -62.57, 286.68, -0.53, -0.38, 0.25, 

-0.01, -1.02, 0.03, -51.70, -62.57, 286.68, -0.53, -0.37, 0.25, 

-0.00, -1.02, 0.03, -53.16, -62.69, 286.68, -0.53, -0.37, 0.25, 

-0.00, -1.02, 0.02, -52.40, -62.16, 286.68, -0.54, -0.38, 0.26, 

-0.00, -1.02, 0.02, -55.76, -63.61, 286.68, -0.54, -0.38, 0.26, 

-0.01, -1.02, 0.02, -48.80, -60.38, 286.68, -0.54, -0.38, 0.25, 

-0.01, -1.02, 0.03, -56.11, -63.51, 286.68, -0.54, -0.38, 0.25, 

-0.00, -1.03, 0.03, -50.61, -61.15, 286.68, -0.53, -0.37, 0.26, 

-0.01, -1.02, 0.03, -56.26, -63.49, 286.68, -0.53, -0.37, 0.26, 

-0.01, -1.02, 0.03, -53.47, -62.49, 286.68, -0.53, -0.38, 0.25, 

-0.01, -1.02, 0.03, -54.83, -62.83, 286.68, -0.53, -0.38, 0.25, 

-0.00, -1.02, 0.03, -53.25, -62.48, 286.68, -0.53, -0.38, 0.25, 

-0.00, -1.02, 0.03, -52.31, -62.14, 286.68, -0.53, -0.38, 0.25, 

-0.00, -1.02, 0.03, -51.52, -62.01, 286.68, -0.53, -0.38, 0.25, 

-0.00, -1.02, 0.03, -53.28, -62.86, 286.68, -0.53, -0.38, 0.25, 

-0.00, -1.02, 0.03, -51.35, -62.60, 286.68, -0.53, -0.38, 0.25, 

-0.00, -1.02, 0.02, -52.19, -62.91, 286.68, -0.53, -0.38, 0.25, 

-0.01, -1.02, 0.03, -50.15, -62.04, 286.68, -0.53, -0.37, 0.24, 

-0.00, -1.03, 0.03, -50.42, -62.59, 286.68, -0.53, -0.37, 0.24, 

-0.00, -1.02, 0.03, -51.69, -62.62, 286.68, -0.53, -0.38, 0.25, 

-0.01, -1.03, 0.02, -51.82, -62.85, 286.68, -0.53, -0.38, 0.25, 

-0.00, -1.02, 0.02, -51.31, -62.40, 286.68, -0.53, -0.37, 0.25, 

-0.00, -1.02, 0.02, -52.40, -63.02, 286.68, -0.53, -0.37, 0.25, 

-0.01, -1.02, 0.03, -50.15, -62.47, 286.68, -0.54, -0.38, 0.25, 

-0.00, -1.02, 0.02, -54.24, -63.34, 286.68, -0.54, -0.38, 0.25, 

0.00, -1.02, 0.02, -52.42, -62.72, 286.68, -0.53, -0.38, 0.25, 

-0.01, -1.02, 0.02, -51.12, -61.75, 286.68, -0.53, -0.38, 0.25, 

-0.00, -1.02, 0.03, -50.28, -61.57, 286.68, -0.53, -0.38, 0.25, 

-0.01, -1.03, 0.02, -53.89, -63.14, 286.68, -0.53, -0.38, 0.25, 

-0.01, -1.02, 0.02, -49.74, -61.85, 286.68, -0.53, -0.38, 0.25, 

-0.01, -1.02, 0.03, -53.84, -63.08, 286.68, -0.53, -0.38, 0.25, 

-0.01, -1.03, 0.03, -52.61, -62.89, 286.68, -0.53, -0.38, 0.25, 

-0.00, -1.03, 0.03, -53.37, -62.95, 286.68, -0.53, -0.38, 0.25, 

-0.01, -1.02, 0.02, -53.80, -62.69, 286.68, -0.53, -0.38, 0.24, 

-0.00, -1.02, 0.03, -53.24, -62.19, 286.68, -0.53, -0.38, 0.24, 

-0.01, -1.02, 0.03, -51.85, -61.58, 286.68, -0.54, -0.38, 0.25, 

-0.00, -1.02, 0.02, -54.90, -63.11, 286.68, -0.54, -0.38, 0.25, 

-0.00, -1.02, 0.03, -55.24, -61.12, 286.68, -0.54, -0.37, 0.25, 

-0.01, -1.02, 0.02, -54.57, -63.28, 286.68, -0.54, -0.37, 0.25, 

-0.01, -1.02, 0.03, -50.76, -61.31, 286.68, -0.53, -0.38, 0.26, 

-0.00, -1.02, 0.02, -53.31, -64.90, 286.68, -0.53, -0.38, 0.26, 

-0.01, -1.03, 0.03, -51.35, -62.48, 286.68, -0.53, -0.38, 0.25, 

-0.00, -1.02, 0.03, -52.64, -62.86, 286.68, -0.53, -0.38, 0.25, 

-0.00, -1.02, 0.03, -51.97, -62.13, 286.68, -0.53, -0.38, 0.26, 

-0.01, -1.02, 0.02, -52.25, -62.35, 286.68, -0.53, -0.38, 0.26, 

-0.00, -1.03, 0.03, -52.83, -62.54, 286.68, -0.53, -0.38, 0.25, 

-0.00, -1.03, 0.03, -52.60, -62.23, 286.68, -0.53, -0.38, 0.25, 

-0.00, -1.02, 0.02, -52.26, -62.26, 286.68, -0.53, -0.38, 0.25, 

-0.00, -1.02, 0.03, -52.84, -62.55, 286.68, -0.53, -0.38, 0.25, 

-0.00, -1.02, 0.02, -52.36, -62.25, 286.68, -0.53, -0.38, 0.25, 

-0.01, -1.03, 0.03, -55.01, -63.10, 286.68, -0.53, -0.38, 0.25, 

-0.01, -1.02, 0.03, -54.42, -62.47, 286.68, -0.54, -0.38, 0.25, 

-0.00, -1.02, 0.03, -56.45, -64.12, 286.68, -0.54, -0.38, 0.25, 

-0.01, -1.02, 0.03, -54.94, -63.34, 286.68, -0.53, -0.38, 0.25, 

-0.00, -1.02, 0.03, -53.79, -62.73, 286.68, -0.53, -0.38, 0.25, 

-0.01, -1.02, 0.03, -52.76, -61.96, 286.68, -0.53, -0.38, 0.25, 

-0.00, -1.02, 0.03, -51.35, -61.90, 286.68, -0.53, -0.38, 0.25, 

-0.01, -1.02, 0.03, -53.64, -62.48, 286.68, -0.53, -0.38, 0.25, 

-0.00, -1.02, 0.03, -52.44, -62.16, 286.68, -0.53, -0.38, 0.25, 

-0.00, -1.02, 0.03, -53.38, -60.62, 286.68, -0.54, -0.38, 0.25, 

-0.00, -1.02, 0.03, -52.86, -62.77, 286.68, -0.54, -0.38, 0.25, 

-0.01, -1.02, 0.02, -51.76, -62.15, 286.68, -0.53, -0.38, 0.25, 

-0.00, -1.03, 0.03, -52.66, -62.84, 286.68, -0.53, -0.38, 0.25, 

-0.00, -1.03, 0.03, -50.20, -61.86, 286.68, -0.53, -0.38, 0.25, 

-0.00, -1.03, 0.03, -50.91, -61.98, 286.68, -0.53, -0.38, 0.25, 

-0.01, -1.02, 0.03, -52.99, -62.91, 286.68, -0.54, -0.38, 0.24, 

-0.01, -1.02, 0.02, -52.93, -63.03, 286.68, -0.54, -0.38, 0.24, 

-0.01, -1.02, 0.03, -50.87, -61.74, 286.68, -0.53, -0.38, 0.25, 

-0.01, -1.03, 0.02, -54.64, -63.90, 286.68, -0.53, -0.38, 0.25, 

-0.00, -1.02, 0.02, -50.63, -61.49, 286.68, -0.54, -0.38, 0.25, 

-0.00, -1.02, 0.03, -55.11, -63.03, 286.68, -0.54, -0.38, 0.25, 

-0.01, -1.03, 0.02, -52.72, -62.62, 286.68, -0.54, -0.38, 0.24, 

-0.00, -1.02, 0.03, -53.04, -62.42, 286.68, -0.54, -0.38, 0.24, 

-0.00, -1.02, 0.02, -53.22, -62.59, 286.68, -0.53, -0.38, 0.24, 

-0.01, -1.03, 0.03, -52.45, -62.60, 286.68, -0.53, -0.38, 0.24, 

-0.01, -1.03, 0.02, -51.35, -61.56, 286.68, -0.54, -0.38, 0.25, 

-0.01, -1.03, 0.02, -52.29, -61.97, 286.68, -0.54, -0.38, 0.25, 

-0.00, -1.02, 0.03, -53.44, -62.70, 286.68, -0.54, -0.38, 0.25, 

-0.00, -1.02, 0.03, -52.19, -62.15, 286.68, -0.54, -0.38, 0.25, 

-0.01, -1.02, 0.03, -55.24, -63.99, 286.68, -0.54, -0.38, 0.25, 

-0.00, -1.02, 0.02, -51.86, -62.14, 286.68, -0.54, -0.38, 0.25, 

-0.01, -1.02, 0.03, -53.11, -62.94, 286.68, -0.54, -0.38, 0.25, 

-0.01, -1.02, 0.03, -49.56, -61.28, 286.68, -0.54, -0.38, 0.25, 

-0.00, -1.02, 0.03, -52.82, -62.19, 286.68, -0.54, -0.38, 0.25, 

-0.00, -1.02, 0.03, -53.74, -63.00, 286.68, -0.54, -0.38, 0.25, 

-0.00, -1.02, 0.02, -53.76, -62.87, 286.68, -0.53, -0.38, 0.25, 

-0.01, -1.03, 0.02, -55.90, -63.81, 286.68, -0.53, -0.38, 0.25, 

-0.01, -1.02, 0.02, -53.48, -62.88, 286.68, -0.53, -0.38, 0.25, 

-0.01, -1.03, 0.02, -54.24, -63.24, 286.68, -0.53, -0.38, 0.25, 

-0.00, -1.03, 0.03, -53.60, -63.10, 286.68, -0.53, -0.38, 0.25, 

-0.01, -1.02, 0.03, -54.44, -63.31, 286.68, -0.53, -0.38, 0.25, 

-0.01, -1.02, 0.03, -54.07, -62.83, 286.68, -0.53, -0.38, 0.25, 

-0.01, -1.02, 0.03, -55.35, -63.48, 286.68, -0.53, -0.38, 0.25, 

-0.00, -1.02, 0.03, -54.62, -60.63, 286.68, -0.53, -0.38, 0.25, 

-0.01, -1.03, 0.03, -53.17, -62.51, 286.68, -0.53, -0.38, 0.25, 

-0.01, -1.02, 0.03, -51.87, -61.82, 286.68, -0.53, -0.38, 0.26, 

-0.01, -1.02, 0.03, -52.19, -62.35, 286.68, -0.53, -0.38, 0.26, 

-0.01, -1.02, 0.03, -50.23, -61.76, 286.68, -0.54, -0.38, 0.25, 

-0.01, -1.02, 0.03, -51.74, -62.19, 286.68, -0.54, -0.38, 0.25, 

-0.01, -1.02, 0.03, -51.45, -62.60, 286.68, -0.54, -0.38, 0.25, 

-0.00, -1.02, 0.03, -52.35, -63.22, 286.68, -0.54, -0.38, 0.25, 

-0.00, -1.03, 0.02, -51.65, -62.23, 286.68, -0.54, -0.37, 0.25, 

-0.01, -1.02, 0.03, -52.12, -62.96, 286.68, -0.54, -0.37, 0.25, 

-0.00, -1.02, 0.03, -53.55, -63.25, 286.68, -0.53, -0.37, 0.25, 

-0.01, -1.02, 0.02, -52.70, -62.98, 286.68, -0.53, -0.37, 0.25, 

-0.00, -1.02, 0.03, -51.42, -62.28, 286.68, -0.53, -0.37, 0.26, 

-0.01, -1.03, 0.03, -52.09, -62.51, 286.68, -0.53, -0.37, 0.26, 

-0.00, -1.02, 0.03, -52.52, -62.66, 286.68, -0.54, -0.38, 0.25, 

-0.01, -1.03, 0.03, -55.77, -64.18, 286.68, -0.54, -0.38, 0.25, 

-0.00, -1.02, 0.03, -52.08, -62.66, 286.68, -0.53, -0.38, 0.25, 

-0.01, -1.02, 0.02, -53.20, -62.74, 286.68, -0.53, -0.38, 0.25, 

-0.01, -1.02, 0.02, -53.17, -62.72, 286.68, -0.53, -0.38, 0.25, 

-0.00, -1.02, 0.03, -51.03, -62.17, 286.68, -0.53, -0.38, 0.25, 

-0.00, -1.02, 0.03, -52.14, -62.14, 286.68, -0.53, -0.38, 0.25, 

-0.00, -1.03, 0.02, -53.48, -62.96, 286.68, -0.53, -0.38, 0.25, 

-0.01, -1.02, 0.02, -53.52, -62.03, 286.68, -0.53, -0.37, 0.25, 

-0.00, -1.02, 0.02, -54.59, -62.98, 286.68, -0.53, -0.37, 0.25, 

-0.01, -1.02, 0.03, -54.73, -62.90, 286.68, -0.53, -0.37, 0.25, 

-0.01, -1.02, 0.03, -55.05, -63.21, 286.68, -0.54, -0.38, 0.24, 

-0.01, -1.02, 0.02, -53.45, -62.47, 286.68, -0.53, -0.38, 0.25, 

-0.00, -1.03, 0.03, -52.73, -62.61, 286.68, -0.53, -0.38, 0.25, 

-0.00, -1.02, 0.02, -55.42, -63.22, 286.68, -0.53, -0.38, 0.25, 

-0.01, -1.02, 0.03, -55.39, -62.77, 286.68, -0.53, -0.38, 0.25, 

-0.01, -1.02, 0.03, -53.87, -62.90, 286.68, -0.54, -0.38, 0.25, 

-0.01, -1.02, 0.03, -56.99, -64.01, 286.68, -0.54, -0.38, 0.25, 

-0.00, -1.02, 0.03, -56.78, -63.32, 286.68, -0.54, -0.38, 0.25, 

-0.00, -1.02, 0.03, -54.97, -62.70, 286.68, -0.54, -0.38, 0.25, 

-0.01, -1.02, 0.03, -51.55, -60.96, 286.68, -0.53, -0.37, 0.25, 

-0.00, -1.02, 0.03, -52.95, -61.92, 286.68, -0.53, -0.37, 0.25, 

-0.00, -1.02, 0.03, -53.70, -62.42, 286.68, -0.53, -0.38, 0.25, 

-0.00, -1.02, 0.03, -53.31, -62.33, 286.68, -0.53, -0.38, 0.25, 

-0.01, -1.03, 0.04, -53.63, -62.67, 286.68, -0.53, -0.37, 0.25, 

-0.01, -1.02, 0.03, -52.82, -62.42, 286.68, -0.53, -0.37, 0.25, 

-0.01, -1.02, 0.03, -53.76, -63.09, 286.68, -0.53, -0.37, 0.25, 

-0.01, -1.02, 0.03, -51.42, -62.05, 286.68, -0.53, -0.37, 0.25, 

-0.00, -1.02, 0.03, -51.38, -62.67, 286.68, -0.54, -0.38, 0.24, 

-0.01, -1.02, 0.03, -50.67, -62.48, 286.68, -0.54, -0.38, 0.24, 

-0.00, -1.02, 0.03, -50.51, -62.73, 286.68, -0.53, -0.38, 0.24, 

-0.00, -1.02, 0.03, -49.85, -61.98, 286.68, -0.53, -0.38, 0.24, 

-0.00, -1.02, 0.03, -49.42, -61.67, 286.68, -0.53, -0.38, 0.25, 

-0.00, -1.02, 0.03, -51.63, -63.08, 286.68, -0.53, -0.38, 0.25, 

-0.00, -1.02, 0.02, -49.81, -62.32, 286.68, -0.54, -0.38, 0.25, 

-0.01, -1.02, 0.02, -50.37, -62.36, 286.68, -0.54, -0.38, 0.25, 

-0.01, -1.02, 0.02, -49.82, -62.03, 286.68, -0.54, -0.38, 0.24, 

-0.00, -1.03, 0.02, -52.23, -63.14, 286.68, -0.54, -0.38, 0.24, 

-0.00, -1.02, 0.03, -50.39, -62.21, 286.68, -0.54, -0.38, 0.25, 

-0.01, -1.02, 0.03, -50.32, -62.19, 286.68, -0.54, -0.38, 0.25, 

-0.00, -1.03, 0.02, -51.43, -62.70, 286.68, -0.54, -0.38, 0.25, 

-0.00, -1.02, 0.02, -53.74, -63.46, 286.68, -0.54, -0.38, 0.25, 

-0.00, -1.03, 0.03, -49.11, -61.83, 286.68, -0.53, -0.38, 0.25, 

-0.00, -1.02, 0.02, -53.83, -63.56, 286.68, -0.53, -0.38, 0.25, 

-0.01, -1.02, 0.02, -51.81, -62.55, 286.68, -0.53, -0.37, 0.25, 

-0.01, -1.03, 0.03, -51.78, -61.99, 286.68, -0.53, -0.37, 0.25, 

-0.01, -1.02, 0.02, -51.54, -62.30, 286.68, -0.54, -0.38, 0.25, 

-0.00, -1.02, 0.02, -53.32, -63.03, 286.68, -0.54, -0.38, 0.25, 

-0.01, -1.02, 0.02, -52.23, -61.66, 286.68, -0.53, -0.38, 0.25, 

-0.01, -1.02, 0.02, -55.21, -63.55, 286.68, -0.53, -0.38, 0.25, 

-0.01, -1.02, 0.02, -52.97, -62.11, 286.68, -0.53, -0.38, 0.25, 

-0.00, -1.03, 0.02, -56.25, -63.63, 286.68, -0.53, -0.38, 0.25, 

-0.00, -1.02, 0.02, -53.22, -61.92, 286.68, -0.53, -0.38, 0.25, 

-0.01, -1.03, 0.02, -55.90, -63.26, 286.68, -0.53, -0.38, 0.25, 

-0.00, -1.02, 0.02, -52.58, -62.18, 286.68, -0.53, -0.38, 0.25, 

-0.01, -1.02, 0.03, -55.13, -62.65, 286.68, -0.53, -0.38, 0.25, 

-0.00, -1.02, 0.03, -51.91, -60.96, 286.68, -0.53, -0.38, 0.24, 

-0.01, -1.02, 0.03, -55.22, -62.81, 286.68, -0.53, -0.38, 0.24, 

-0.01, -1.02, 0.02, -53.32, -62.20, 286.68, -0.53, -0.38, 0.24, 

-0.01, -1.02, 0.03, -57.14, -64.05, 286.68, -0.53, -0.38, 0.24, 

-0.00, -1.02, 0.02, -54.52, -62.38, 286.68, -0.53, -0.38, 0.25, 

-0.00, -1.02, 0.03, -55.30, -63.12, 286.68, -0.53, -0.38, 0.25, 

-0.00, -1.02, 0.03, -52.71, -62.04, 286.68, -0.54, -0.38, 0.25, 

-0.01, -1.03, 0.03, -55.04, -63.36, 286.68, -0.54, -0.38, 0.25, 

-0.01, -1.03, 0.03, -51.42, -61.60, 286.68, -0.53, -0.38, 0.25, 

-0.00, -1.02, 0.03, -55.68, -63.88, 286.68, -0.53, -0.38, 0.25, 

-0.01, -1.02, 0.02, -51.90, -61.53, 286.68, -0.53, -0.38, 0.25, 

-0.01, -1.02, 0.03, -54.76, -63.22, 286.68, -0.53, -0.38, 0.25, 

-0.01, -1.02, 0.03, -53.87, -62.59, 286.68, -0.53, -0.38, 0.26, 

-0.01, -1.03, 0.03, -55.20, -60.70, 286.68, -0.53, -0.38, 0.26, 

-0.00, -1.02, 0.03, -51.70, -61.51, 286.68, -0.54, -0.38, 0.25, 

-0.01, -1.02, 0.03, -54.32, -62.54, 286.68, -0.54, -0.38, 0.25, 

-0.00, -1.02, 0.03, -52.89, -62.69, 286.68, -0.54, -0.38, 0.24, 

-0.00, -1.02, 0.03, -53.31, -62.83, 286.68, -0.54, -0.38, 0.24, 

-0.00, -1.03, 0.03, -51.35, -61.59, 286.68, -0.54, -0.38, 0.25, 

-0.00, -1.02, 0.05, -51.97, -62.31, 286.68, -0.54, -0.38, 0.25, 

-0.01, -1.02, 0.03, -51.49, -62.11, 286.68, -0.54, -0.38, 0.25, 

-0.01, -1.03, 0.03, -52.64, -62.87, 286.68, -0.54, -0.38, 0.25, 

-0.01, -1.02, 0.03, -50.72, -62.45, 286.68, -0.54, -0.38, 0.25, 

-0.01, -1.02, 0.03, -51.46, -63.37, 286.68, -0.54, -0.38, 0.25, 

-0.01, -1.02, 0.03, -49.17, -62.11, 286.68, -0.54, -0.38, 0.25, 

-0.01, -1.02, 0.03, -50.10, -60.76, 286.68, -0.54, -0.38, 0.25, 

-0.01, -1.02, 0.03, -51.56, -63.76, 286.68, -0.54, -0.38, 0.25, 

-0.00, -1.02, 0.03, -51.30, -63.10, 286.68, -0.54, -0.38, 0.25, 

-0.00, -1.02, 0.02, -47.13, -61.07, 286.68, -0.54, -0.39, 0.25, 

-0.00, -1.02, 0.02, -51.33, -63.41, 286.68, -0.54, -0.39, 0.25, 

-0.01, -1.02, 0.02, -47.28, -61.68, 286.68, -0.54, -0.38, 0.25, 

-0.01, -1.02, 0.02, -51.53, -62.78, 286.68, -0.54, -0.38, 0.25, 

-0.01, -1.03, 0.02, -49.36, -61.45, 286.68, -0.54, -0.38, 0.25, 

-0.00, -1.03, 0.02, -52.22, -62.55, 286.68, -0.54, -0.38, 0.25, 

-0.01, -1.03, 0.02, -52.21, -62.76, 286.68, -0.54, -0.38, 0.25, 

-0.00, -1.03, 0.02, -52.69, -64.90, 286.68, -0.54, -0.38, 0.25, 

-0.00, -1.02, 0.02, -48.88, -60.99, 286.68, -0.54, -0.38, 0.25, 

-0.00, -1.02, 0.02, -54.60, -63.49, 286.68, -0.54, -0.38, 0.25, 

-0.01, -1.02, 0.02, -51.12, -61.39, 286.68, -0.53, -0.38, 0.26, 

-0.00, -1.02, 0.02, -54.70, -63.19, 286.68, -0.53, -0.38, 0.26, 

-0.00, -1.02, 0.02, -51.71, -62.13, 286.68, -0.54, -0.38, 0.25, 

-0.00, -1.02, 0.02, -52.30, -62.75, 286.68, -0.54, -0.38, 0.25, 

-0.01, -1.02, 0.02, -52.76, -61.58, 286.68, -0.54, -0.38, 0.25, 

-0.00, -1.02, 0.03, -55.29, -63.71, 286.68, -0.54, -0.38, 0.25, 

-0.00, -1.02, 0.02, -54.80, -63.13, 286.68, -0.54, -0.38, 0.25, 

-0.00, -1.02, 0.02, -51.83, -62.09, 286.68, -0.54, -0.38, 0.25, 

-0.00, -1.03, 0.03, -51.58, -61.49, 286.68, -0.53, -0.38, 0.25, 

-0.01, -1.03, 0.03, -54.74, -62.62, 286.68, -0.53, -0.38, 0.25, 

-0.01, -1.03, 0.02, -52.26, -61.25, 286.68, -0.54, -0.38, 0.25, 

-0.00, -1.03, 0.03, -52.53, -61.42, 286.68, -0.54, -0.38, 0.25, 

-0.01, -1.03, 0.02, -54.80, -62.44, 286.68, -0.54, -0.38, 0.25, 

-0.00, -1.02, 0.02, -57.27, -63.25, 286.68, -0.54, -0.38, 0.25, 

-0.01, -1.02, 0.02, -56.14, -63.01, 286.68, -0.53, -0.38, 0.25, 

-0.00, -1.02, 0.03, -59.11, -63.45, 286.68, -0.53, -0.38, 0.25, 

-0.00, -1.02, 0.03, -55.66, -61.82, 286.68, -0.54, -0.38, 0.25, 

-0.01, -1.03, 0.03, -57.60, -63.31, 286.68, -0.54, -0.38, 0.25, 

-0.01, -1.02, 0.02, -58.59, -62.55, 286.68, -0.53, -0.38, 0.25, 

-0.00, -1.02, 0.03, -57.85, -62.57, 286.68, -0.53, -0.38, 0.25, 

-0.00, -1.03, 0.03, -56.80, -61.66, 286.68, -0.53, -0.38, 0.25, 

-0.00, -1.02, 0.03, -56.80, -63.40, 286.68, -0.53, -0.38, 0.25, 

-0.01, -1.02, 0.04, -52.63, -61.53, 286.68, -0.53, -0.38, 0.25, 

-0.01, -1.02, 0.04, -53.58, -62.40, 286.68, -0.53, -0.38, 0.25, 

-0.00, -1.02, 0.04, -52.16, -62.46, 286.68, -0.54, -0.38, 0.24, 

-0.00, -1.02, 0.04, -53.22, -63.15, 286.68, -0.54, -0.38, 0.24, 

-0.00, -1.02, 0.03, -50.46, -62.53, 286.68, -0.53, -0.38, 0.24, 

-0.00, -1.02, 0.03, -47.18, -61.36, 286.68, -0.53, -0.38, 0.24, 

-0.00, -1.02, 0.03, -45.51, -61.58, 286.68, -0.53, -0.38, 0.24, 

-0.00, -1.02, 0.02, -47.64, -62.52, 286.68, -0.53, -0.38, 0.24, 

-0.01, -1.02, 0.02, -44.86, -61.58, 286.68, -0.53, -0.38, 0.24, 

-0.00, -1.02, 0.03, -47.00, -62.62, 286.68, -0.53, -0.38, 0.24, 

-0.01, -1.03, 0.02, -44.62, -61.39, 286.68, -0.54, -0.38, 0.24, 

-0.01, -1.03, 0.02, -47.81, -62.19, 286.68, -0.54, -0.38, 0.24, 

-0.00, -1.03, 0.02, -45.93, -61.30, 286.68, -0.53, -0.38, 0.24, 

-0.00, -1.03, 0.02, -51.98, -63.22, 286.68, -0.53, -0.38, 0.24, 

-0.01, -1.03, 0.02, -50.58, -61.97, 286.68, -0.54, -0.38, 0.25, 

-0.01, -1.02, 0.02, -50.98, -62.00, 286.68, -0.54, -0.38, 0.25, 

-0.00, -1.03, 0.03, -52.09, -62.03, 286.68, -0.53, -0.38, 0.24, 

-0.01, -1.02, 0.02, -51.54, -62.19, 286.68, -0.53, -0.38, 0.24, 

-0.00, -1.02, 0.02, -53.10, -62.56, 286.68, -0.53, -0.38, 0.24, 

-0.01, -1.02, 0.02, -53.32, -62.59, 286.68, -0.53, -0.38, 0.24, 

-0.01, -1.02, 0.02, -50.51, -60.76, 286.68, -0.53, -0.38, 0.25, 

-0.00, -1.02, 0.02, -53.81, -62.76, 286.68, -0.53, -0.38, 0.25, 

-0.01, -1.02, 0.02, -53.04, -62.79, 286.68, -0.53, -0.38, 0.25, 

-0.01, -1.03, 0.02, -55.76, -62.88, 286.68, -0.53, -0.38, 0.25, 

-0.00, -1.03, 0.02, -53.32, -61.78, 286.68, -0.54, -0.38, 0.25, 

-0.01, -1.03, 0.02, -55.08, -62.47, 286.68, -0.54, -0.38, 0.25, 

-0.00, -1.04, 0.02, -55.42, -62.44, 286.68, -0.53, -0.38, 0.25, 

-0.00, -1.02, 0.03, -56.45, -62.77, 286.68, -0.53, -0.38, 0.25, 

-0.00, -1.02, 0.03, -55.10, -61.30, 286.68, -0.53, -0.38, 0.25, 

-0.01, -1.02, 0.03, -57.76, -62.47, 286.68, -0.53, -0.38, 0.25, 

-0.01, -1.02, 0.03, -56.69, -62.32, 286.68, -0.54, -0.38, 0.25, 

-0.00, -1.02, 0.03, -56.46, -62.89, 286.68, -0.54, -0.38, 0.25, 

-0.00, -1.02, 0.04, -52.86, -61.13, 286.68, -0.54, -0.38, 0.25, 

-0.01, -1.02, 0.04, -53.73, -62.26, 286.68, -0.54, -0.38, 0.25, 

-0.00, -1.02, 0.04, -49.88, -60.89, 286.68, -0.54, -0.38, 0.25, 

-0.01, -1.02, 0.04, -50.82, -61.98, 286.68, -0.54, -0.38, 0.25, 

-0.01, -1.02, 0.04, -47.52, -61.59, 286.68, -0.54, -0.38, 0.25, 

-0.01, -1.02, 0.04, -49.63, -63.17, 286.68, -0.54, -0.38, 0.25, 

-0.01, -1.02, 0.03, -44.67, -61.93, 286.68, -0.54, -0.38, 0.25, 

-0.01, -1.03, 0.03, -46.58, -62.44, 286.68, -0.54, -0.38, 0.25, 

-0.01, -1.02, 0.03, -45.64, -62.12, 286.68, -0.54, -0.38, 0.25, 

-0.01, -1.02, 0.03, -45.53, -62.50, 286.68, -0.54, -0.38, 0.25, 

-0.00, -1.02, 0.03, -44.28, -62.09, 286.68, -0.53, -0.38, 0.25, 

-0.00, -1.02, 0.03, -45.90, -60.78, 286.68, -0.53, -0.38, 0.25, 

-0.00, -1.02, 0.03, -44.35, -62.69, 286.68, -0.53, -0.38, 0.25, 

-0.00, -1.02, 0.03, -43.66, -62.45, 286.68, -0.53, -0.38, 0.25, 

-0.00, -1.02, 0.03, -43.08, -62.13, 286.68, -0.53, -0.38, 0.25, 

-0.01, -1.02, 0.03, -43.48, -63.35, 286.68, -0.53, -0.38, 0.25, 

-0.00, -1.02, 0.02, -40.03, -61.22, 286.68, -0.53, -0.38, 0.25, 

-0.01, -1.02, 0.02, -42.03, -62.88, 286.68, -0.53, -0.38, 0.25, 

-0.01, -1.03, 0.02, -41.01, -62.40, 286.68, -0.54, -0.38, 0.25, 

-0.00, -1.02, 0.02, -40.21, -62.46, 286.68, -0.54, -0.38, 0.25, 

-0.01, -1.02, 0.01, -40.22, -62.47, 286.68, -0.54, -0.38, 0.25, 

-0.00, -1.02, 0.02, -39.66, -62.46, 286.68, -0.54, -0.38, 0.25, 

-0.01, -1.02, 0.01, -39.26, -62.66, 286.68, -0.54, -0.38, 0.25, 

-0.00, -1.02, 0.01, -38.22, -63.11, 286.68, -0.54, -0.38, 0.25, 

-0.00, -1.02, 0.02, -36.99, -62.54, 286.68, -0.54, -0.38, 0.25, 

-0.01, -1.02, 0.01, -34.60, -62.08, 286.68, -0.54, -0.38, 0.25, 

-0.01, -1.02, 0.01, -34.61, -62.56, 286.68, -0.54, -0.38, 0.25, 

-0.01, -1.02, 0.01, -34.33, -63.41, 286.68, -0.54, -0.38, 0.25, 

-0.01, -1.02, 0.01, -33.49, -62.90, 286.68, -0.54, -0.38, 0.26, 

-0.00, -1.02, 0.01, -27.95, -61.72, 286.68, -0.54, -0.38, 0.26, 

-0.01, -1.02, 0.00, -27.97, -61.85, 286.68, -0.54, -0.38, 0.25, 

-0.00, -1.02, 0.01, -26.58, -62.22, 286.68, -0.54, -0.38, 0.25, 

-0.01, -1.02, 0.00, -26.04, -63.53, 286.68, -0.54, -0.38, 0.26, 

-0.00, -1.01, 0.00, -23.15, -63.25, 286.68, -0.54, -0.38, 0.26, 

-0.00, -1.01, -0.00, -20.50, -62.64, 286.68, -0.54, -0.38, 0.26, 

-0.01, -1.01, -0.00, -17.40, -63.11, 286.68, -0.54, -0.38, 0.26, 

-0.01, -1.01, -0.00, -13.50, -62.70, 286.68, -0.54, -0.38, 0.26, 

-0.01, -1.01, -0.01, -11.94, -62.93, 286.68, -0.54, -0.38, 0.26, 

-0.00, -1.01, -0.01, -9.28, -64.22, 286.68, -0.54, -0.38, 0.26, 

-0.01, -1.01, -0.01, -2.44, -61.89, 286.68, -0.54, -0.38, 0.26, 

-0.00, -1.01, -0.02, 0.29, -63.31, 286.68, -0.53, -0.38, 0.26, 

-0.00, -1.00, -0.02, 5.21, -63.49, 286.68, -0.53, -0.38, 0.26, 

-0.01, -1.00, -0.02, 8.88, -63.74, 286.68, -0.54, -0.38, 0.26, 

-0.00, -1.00, -0.03, 15.45, -63.68, 286.68, -0.53, -0.37, 0.26, 

-0.00, -0.99, -0.03, 24.36, -62.77, 286.68, -0.53, -0.37, 0.26, 

-0.01, -0.99, -0.04, 29.62, -63.94, 286.68, -0.54, -0.38, 0.27, 

-0.01, -0.99, -0.04, 37.13, -64.16, 286.68, -0.54, -0.38, 0.27, 

-0.00, -0.98, -0.05, 44.60, -63.92, 286.68, -0.54, -0.37, 0.28, 

-0.00, -0.98, -0.05, 55.86, -63.32, 286.68, -0.54, -0.37, 0.28, 

-0.00, -0.97, -0.06, 64.01, -63.67, 286.68, -0.54, -0.37, 0.28, 

-0.00, -0.96, -0.07, 74.30, -65.52, 286.68, -0.54, -0.37, 0.28, 

0.00, -0.95, -0.08, 86.47, -65.56, 286.68, -0.53, -0.38, 0.29, 

0.01, -0.93, -0.10, 105.26, -64.59, 286.68, -0.53, -0.38, 0.29, 

0.01, -0.90, -0.12, 120.41, -65.35, 286.68, -0.54, -0.37, 0.29, 

0.01, -0.87, -0.14, 146.10, -65.42, 286.68, -0.54, -0.37, 0.29, 

0.01, -0.85, -0.17, 168.60, -65.84, 286.68, -0.53, -0.37, 0.31, 

0.02, -0.78, -0.20, 204.65, -65.93, 286.68, -0.53, -0.37, 0.31, 

0.02, -0.73, -0.25, 234.74, -64.88, 286.68, -0.54, -0.36, 0.31, 

0.06, -0.86, -0.27, 258.56, -65.00, 286.68, -0.54, -0.36, 0.31, 

-0.01, -1.25, -1.07, 277.09, -62.70, 286.68, -0.54, -0.36, 0.32, 

0.13, -0.80, -0.28, 279.36, -59.98, 286.68, -0.54, -0.36, 0.32, 

0.04, -0.65, -0.41, 283.50, -57.97, 286.68, -0.54, -0.35, 0.34, 

0.07, -0.64, -0.43, 286.57, -57.80, 286.68, -0.54, -0.35, 0.34, 

-0.10, -1.92, -0.91, 286.57, -56.38, 286.68, -0.54, -0.33, 0.35, 

-0.05, -2.00, -1.46, 162.15, -52.73, 286.68, -0.54, -0.33, 0.35, 

-0.01, -1.47, -0.78, -95.15, -51.23, 286.68, -0.54, -0.33, 0.35, 

0.01, -0.49, -0.15, -273.24, -51.06, 286.68, -0.54, -0.33, 0.35, 

-0.03, 0.07, -0.01, -281.04, -43.96, 286.68, -0.54, -0.34, 0.34, 

-0.11, 0.68, -0.18, -193.52, -54.47, 286.68, -0.54, -0.34, 0.34, 

0.44, 0.30, 0.84, -139.48, -46.58, 286.68, -0.53, -0.34, 0.34, 

0.06, 0.26, -0.19, -26.18, -52.57, 286.68, -0.53, -0.34, 0.34, 

0.08, -0.05, 0.09, 73.21, -57.93, 286.68, -0.53, -0.34, 0.34, 

-0.18, -1.07, -0.79, 136.69, -60.09, 286.68, -0.53, -0.34, 0.34, 

-0.01, -1.13, -0.34, 118.57, -56.85, 286.68, -0.54, -0.34, 0.34, 

-0.01, -1.28, -0.80, 11.91, -56.56, 286.68, -0.54, -0.34, 0.34, 

0.07, -0.82, -0.95, -91.45, -54.30, 286.68, -0.54, -0.34, 0.35, 

0.07, -0.57, -0.78, -160.00, -47.51, 286.68, -0.54, -0.34, 0.35, 

0.11, -0.28, -0.90, -170.91, -41.63, 286.68, -0.53, -0.34, 0.34, 

0.21, -0.14, -0.90, -114.50, -34.97, 286.68, -0.53, -0.34, 0.34, 

0.16, -0.21, -0.76, -27.37, -28.11, 286.68, -0.54, -0.35, 0.33, 

-0.01, -1.59, 0.01, 30.28, -23.25, 286.68, -0.54, -0.35, 0.33, 

-0.52, -2.00, 0.47, -4.43, -34.29, 286.68, -0.53, -0.35, 0.33, 

-0.29, -0.98, -0.28, -144.54, -56.59, 286.68, -0.53, -0.35, 0.33, 

-0.06, -0.83, -0.30, -154.15, -64.62, 286.68, -0.54, -0.35, 0.32, 

-0.01, -0.84, -0.31, -126.37, -68.47, 286.68, -0.54, -0.35, 0.32, 

0.01, -0.84, -0.37, -104.64, -69.65, 286.68, -0.53, -0.36, 0.32, 

0.02, -0.76, -0.44, -87.73, -70.65, 286.68, -0.53, -0.36, 0.32, 

0.06, -0.80, -0.47, -68.52, -68.68, 286.68, -0.53, -0.36, 0.33, 

-0.00, -0.74, -0.53, -52.89, -67.09, 286.68, -0.53, -0.36, 0.33, 

0.02, -0.79, -0.49, -35.57, -64.73, 286.68, -0.54, -0.35, 0.32, 

-0.02, -0.96, -0.40, -24.35, -64.64, 286.68, -0.54, -0.35, 0.32, 

-0.03, -1.11, -0.40, -32.09, -65.25, 286.68, -0.53, -0.36, 0.32, 

0.08, -1.07, -0.53, -72.28, -70.27, 286.68, -0.53, -0.36, 0.32, 

0.10, -0.96, -0.56, -108.04, -70.04, 286.68, -0.53, -0.36, 0.33, 

0.07, -0.89, -0.57, -142.39, -71.34, 286.68, -0.53, -0.36, 0.33, 

-0.00, -0.87, -0.51, -163.93, -70.96, 286.68, -0.53, -0.36, 0.32, 

-0.03, -0.82, -0.41, -174.26, -71.72, 286.68, -0.53, -0.36, 0.32, 

-0.03, -0.86, -0.54, -173.18, -70.12, 286.68, -0.53, -0.36, 0.32, 

0.00, -0.87, -0.45, -177.06, -71.17, 286.68, -0.53, -0.36, 0.32, 

0.00, -0.88, -0.44, -174.27, -71.22, 286.68, -0.53, -0.36, 0.32, 

0.01, -0.88, -0.42, -168.74, -69.65, 286.68, -0.53, -0.36, 0.32, 

-0.00, -0.82, -0.40, -163.07, -69.42, 286.68, -0.53, -0.36, 0.32, 

-0.02, -0.88, -0.43, -156.90, -69.10, 286.68, -0.53, -0.36, 0.32, 

-0.04, -0.86, -0.41, -147.00, -66.25, 286.68, -0.53, -0.36, 0.31, 

-0.05, -0.84, -0.39, -138.46, -66.34, 286.68, -0.53, -0.36, 0.31, 

-0.07, -0.86, -0.39, -124.62, -64.29, 286.68, -0.53, -0.36, 0.31, 

0.01, -0.87, -0.27, -106.43, -61.68, 286.68, -0.53, -0.36, 0.31, 

0.00, -0.92, -0.27, -84.78, -62.18, 286.68, -0.54, -0.36, 0.31, 

-0.00, -0.92, -0.27, -72.27, -63.77, 286.68, -0.54, -0.36, 0.31, 

-0.03, -0.89, -0.32, -57.04, -62.15, 286.68, -0.53, -0.36, 0.31, 

-0.07, -0.84, -0.40, -47.05, -61.88, 286.68, -0.53, -0.36, 0.31, 

-0.08, -0.86, -0.40, -33.66, -60.66, 286.68, -0.53, -0.36, 0.31, 

-0.09, -0.89, -0.40, -20.92, -59.04, 286.68, -0.53, -0.36, 0.31, 

-0.06, -0.98, -0.35, -21.14, -57.78, 286.68, -0.54, -0.36, 0.31, 

-0.01, -0.97, -0.35, -36.44, -58.38, 286.68, -0.54, -0.36, 0.31, 

0.03, -0.99, -0.35, -46.51, -59.13, 286.68, -0.54, -0.36, 0.32, 

0.10, -0.99, -0.32, -59.67, -60.17, 286.68, -0.54, -0.36, 0.32, 

0.12, -0.98, -0.34, -68.16, -62.01, 286.68, -0.54, -0.36, 0.31, 

0.11, -0.94, -0.33, -75.71, -61.85, 286.68, -0.54, -0.36, 0.31, 

0.01, -0.94, -0.32, -77.95, -63.39, 286.68, -0.54, -0.37, 0.31, 

-0.02, -1.01, -0.30, -76.14, -62.43, 286.68, -0.54, -0.37, 0.31, 

-0.01, -0.97, -0.34, -81.05, -62.76, 286.68, -0.53, -0.37, 0.31, 

0.02, -0.95, -0.37, -85.23, -63.09, 286.68, -0.53, -0.37, 0.31, 

0.01, -0.92, -0.38, -81.65, -62.54, 286.68, -0.54, -0.37, 0.30, 

0.01, -0.93, -0.36, -83.25, -62.48, 286.68, -0.53, -0.37, 0.31, 

-0.01, -0.94, -0.38, -85.89, -62.18, 286.68, -0.53, -0.37, 0.31, 

-0.01, -0.95, -0.36, -89.94, -62.49, 286.68, -0.53, -0.37, 0.31, 

0.00, -0.96, -0.36, -94.61, -61.77, 286.68, -0.53, -0.37, 0.31, 

0.00, -0.96, -0.35, -98.30, -61.01, 286.68, -0.53, -0.37, 0.31, 

-0.00, -0.97, -0.34, -105.89, -61.78, 286.68, -0.53, -0.37, 0.31, 

0.00, -0.97, -0.31, -108.23, -60.94, 286.68, -0.53, -0.37, 0.31, 

-0.00, -0.96, -0.28, -112.45, -61.94, 286.68, -0.53, -0.37, 0.31, 

-0.00, -0.96, -0.29, -111.90, -60.51, 286.68, -0.53, -0.37, 0.31, 

-0.01, -0.98, -0.25, -111.90, -61.27, 286.68, -0.53, -0.37, 0.31, 

-0.00, -0.97, -0.29, -115.50, -61.61, 286.68, -0.54, -0.37, 0.30, 

-0.00, -0.98, -0.30, -122.14, -62.97, 286.68, -0.54, -0.37, 0.30, 

-0.00, -0.97, -0.30, -125.27, -61.76, 286.68, -0.53, -0.37, 0.30, 

-0.00, -0.99, -0.28, -132.92, -62.63, 286.68, -0.53, -0.37, 0.30, 

-0.00, -0.98, -0.28, -137.40, -62.12, 286.68, -0.54, -0.37, 0.29, 

-0.00, -0.97, -0.25, -143.41, -62.33, 286.68, -0.54, -0.37, 0.29, 

-0.02, -0.95, -0.25, -144.27, -61.75, 286.68, -0.54, -0.37, 0.29, 

-0.01, -0.95, -0.23, -137.42, -60.19, 286.68, -0.54, -0.37, 0.29, 

-0.01, -0.97, -0.20, -132.23, -60.31, 286.68, -0.53, -0.38, 0.28, 

-0.01, -0.97, -0.20, -130.93, -61.79, 286.68, -0.53, -0.38, 0.28, 

-0.01, -0.98, -0.19, -126.99, -61.12, 286.68, -0.53, -0.38, 0.28, 

-0.01, -0.99, -0.18, -122.84, -60.18, 286.68, -0.53, -0.38, 0.28, 

-0.01, -1.00, -0.18, -123.84, -61.19, 286.68, -0.53, -0.38, 0.28, 

-0.01, -1.00, -0.17, -126.98, -62.51, 286.68, -0.53, -0.38, 0.28, 

0.03, -0.98, -0.16, -127.01, -61.71, 286.68, -0.53, -0.37, 0.27, 

0.05, -1.00, -0.14, -126.19, -61.04, 286.68, -0.53, -0.37, 0.27, 

0.04, -0.99, -0.12, -123.86, -61.40, 286.68, -0.54, -0.38, 0.27, 

-0.00, -0.99, -0.10, -121.30, -61.80, 286.68, -0.54, -0.38, 0.27, 

0.00, -0.99, -0.10, -115.49, -61.36, 286.68, -0.53, -0.38, 0.27, 

0.01, -0.99, -0.12, -110.38, -61.05, 286.68, -0.53, -0.38, 0.27, 

-0.00, -1.00, -0.12, -106.64, -61.07, 286.68, -0.53, -0.38, 0.27, 

-0.00, -1.01, -0.13, -107.53, -61.65, 286.68, -0.53, -0.38, 0.27, 

0.00, -1.02, -0.16, -109.39, -61.38, 286.68, -0.53, -0.38, 0.26, 

0.01, -0.99, -0.22, -113.29, -61.07, 286.68, -0.53, -0.38, 0.26, 

0.00, -1.03, -0.17, -116.03, -61.00, 286.68, -0.53, -0.38, 0.26, 

-0.00, -1.03, -0.12, -123.58, -59.91, 286.68, -0.53, -0.38, 0.26, 

0.00, -1.02, -0.07, -132.38, -59.37, 286.68, -0.53, -0.38, 0.25, 

-0.01, -1.03, -0.04, -138.32, -61.14, 286.68, -0.53, -0.38, 0.25, 

-0.00, -1.01, -0.05, -133.54, -58.79, 286.68, -0.53, -0.38, 0.24, 

-0.00, -1.02, -0.04, -138.33, -61.60, 286.68, -0.53, -0.38, 0.24, 

-0.01, -1.01, -0.03, -137.26, -60.66, 286.68, -0.53, -0.38, 0.25, 

-0.01, -1.01, -0.03, -140.89, -61.76, 286.68, -0.53, -0.38, 0.25, 

0.00, -1.02, -0.03, -138.07, -60.44, 286.68, -0.53, -0.38, 0.24, 

0.00, -1.02, -0.04, -141.87, -61.65, 286.68, -0.53, -0.38, 0.24, 

-0.00, -1.02, -0.04, -139.69, -59.74, 286.68, -0.53, -0.38, 0.24, 

0.00, -1.02, -0.03, -146.33, -61.33, 286.68, -0.53, -0.38, 0.24, 

0.00, -1.02, -0.03, -150.03, -60.82, 286.68, -0.53, -0.38, 0.24, 

0.02, -0.78, 0.03, -154.40, -61.26, 286.68, -0.53, -0.38, 0.24, 

0.03, -1.16, 0.05, -134.46, -65.99, 286.68, -0.53, -0.38, 0.23, 

0.02, -0.89, 0.04, -116.82, -61.15, 286.68, -0.53, -0.38, 0.23, 

0.02, -0.99, 0.05, -115.43, -61.44, 286.68, -0.53, -0.38, 0.22, 

0.01, -1.08, 0.09, -119.33, -61.80, 286.68, -0.53, -0.38, 0.22, 

-0.03, -1.07, 0.12, -121.16, -60.47, 286.68, -0.53, -0.38, 0.22, 

-0.03, -1.01, 0.12, -128.63, -60.99, 286.68, -0.53, -0.38, 0.22, 

-0.03, -1.03, 0.12, -130.09, -61.08, 286.68, -0.54, -0.38, 0.21, 

-0.03, -1.03, 0.12, -133.89, -61.53, 286.68, -0.54, -0.38, 0.21, 

-0.02, -1.04, 0.11, -137.71, -60.47, 286.68, -0.53, -0.38, 0.22, 

-0.02, -1.02, 0.11, -145.31, -61.87, 286.68, -0.53, -0.38, 0.22, 

-0.01, -1.03, 0.12, -148.51, -62.08, 286.68, -0.53, -0.38, 0.21, 

-0.01, -1.03, 0.11, -151.09, -61.24, 286.68, -0.53, -0.38, 0.21, 

-0.00, -1.01, 0.13, -152.47, -60.82, 286.68, -0.53, -0.38, 0.20, 

-0.00, -1.01, 0.14, -157.50, -61.48, 286.68, -0.53, -0.38, 0.20, 

-0.00, -1.02, 0.15, -157.96, -60.32, 286.68, -0.53, -0.38, 0.19, 

-0.01, -1.02, 0.18, -163.80, -61.25, 286.68, -0.53, -0.38, 0.19, 

-0.01, -1.02, 0.18, -161.93, -60.20, 286.68, -0.53, -0.38, 0.20, 

-0.01, -1.02, 0.18, -166.07, -60.82, 286.68, -0.53, -0.38, 0.20, 

-0.01, -1.02, 0.20, -170.12, -61.33, 286.68, -0.53, -0.38, 0.19, 

-0.01, -1.01, 0.21, -172.34, -60.30, 286.68, -0.53, -0.38, 0.19, 

-0.01, -1.00, 0.22, -176.76, -60.48, 286.68, -0.53, -0.37, 0.19, 

-0.01, -1.00, 0.25, -183.06, -61.22, 286.68, -0.53, -0.37, 0.19, 

-0.01, -0.99, 0.28, -186.93, -61.50, 286.68, -0.53, -0.37, 0.18, 

-0.01, -0.98, 0.29, -187.35, -60.17, 286.68, -0.53, -0.37, 0.18, 

-0.01, -0.97, 0.33, -186.44, -58.97, 286.68, -0.53, -0.38, 0.17, 

-0.01, -0.98, 0.33, -186.94, -59.87, 286.68, -0.53, -0.38, 0.17, 

-0.01, -0.99, 0.32, -189.86, -60.15, 286.68, -0.53, -0.37, 0.17, 

-0.01, -1.00, 0.32, -193.80, -58.48, 286.68, -0.53, -0.37, 0.17, 

0.00, -1.01, 0.30, -201.86, -57.85, 286.68, -0.53, -0.37, 0.16, 

0.02, -1.01, 0.34, -213.82, -57.91, 286.68, -0.53, -0.37, 0.16, 

-0.01, -0.98, 0.36, -224.38, -56.17, 286.68, -0.53, -0.37, 0.15, 

-0.04, -0.95, 0.40, -231.78, -55.80, 286.68, -0.53, -0.37, 0.15, 

-0.04, -0.92, 0.45, -233.45, -55.30, 286.68, -0.53, -0.36, 0.15, 

-0.03, -0.92, 0.47, -235.19, -54.85, 286.68, -0.53, -0.36, 0.15, 

-0.03, -0.91, 0.47, -238.30, -53.08, 286.68, -0.53, -0.36, 0.15, 

-0.04, -0.92, 0.50, -245.63, -54.00, 286.68, -0.53, -0.36, 0.15, 

-0.06, -0.88, 0.52, -250.54, -53.06, 286.68, -0.53, -0.35, 0.14, 

-0.07, -0.88, 0.56, -252.23, -53.61, 286.68, -0.53, -0.35, 0.14, 

-0.06, -0.85, 0.56, -253.21, -54.08, 286.68, -0.53, -0.35, 0.13, 

-0.03, -0.85, 0.59, -250.70, -53.16, 286.68, -0.53, -0.35, 0.13, 

-0.02, -0.83, 0.60, -248.22, -52.19, 286.68, -0.53, -0.35, 0.12, 

-0.02, -0.83, 0.61, -247.02, -53.54, 286.68, -0.53, -0.35, 0.12, 

-0.02, -0.83, 0.62, -244.90, -53.57, 286.68, -0.53, -0.34, 0.12, 

-0.02, -0.82, 0.65, -242.51, -55.39, 286.68, -0.53, -0.33, 0.11, 

-0.04, -0.81, 0.66, -238.26, -56.60, 286.68, -0.53, -0.33, 0.11, 

-0.04, -0.81, 0.69, -231.17, -55.89, 286.68, -0.54, -0.33, 0.11, 

-0.04, -0.78, 0.71, -228.87, -58.61, 286.68, -0.54, -0.33, 0.11, 

-0.02, -0.76, 0.72, -225.33, -58.74, 286.68, -0.54, -0.32, 0.10, 

-0.02, -0.73, 0.76, -224.74, -61.78, 286.68, -0.54, -0.32, 0.10, 

-0.01, -0.71, 0.78, -223.43, -60.17, 286.68, -0.54, -0.32, 0.09, 

-0.02, -0.69, 0.79, -224.07, -60.67, 286.68, -0.54, -0.32, 0.09, 

-0.01, -0.69, 0.81, -225.12, -60.91, 286.68, -0.54, -0.31, 0.08, 

0.00, -0.67, 0.83, -223.16, -59.24, 286.68, -0.54, -0.31, 0.08, 

0.02, -0.66, 0.84, -220.37, -58.43, 286.68, -0.53, -0.31, 0.08, 

0.02, -0.66, 0.87, -217.99, -59.42, 286.68, -0.53, -0.31, 0.08, 

0.02, -0.64, 0.87, -214.40, -58.28, 286.68, -0.54, -0.30, 0.08, 

0.01, -0.61, 0.88, -213.97, -58.91, 286.68, -0.54, -0.30, 0.08, 

0.00, -0.62, 0.88, -214.04, -58.40, 286.68, -0.53, -0.29, 0.07, 

-0.00, -0.61, 0.89, -212.00, -58.76, 286.68, -0.53, -0.29, 0.07, 

0.00, -0.61, 0.91, -207.74, -58.09, 286.68, -0.54, -0.29, 0.07, 

0.01, -0.59, 0.93, -200.03, -58.06, 286.68, -0.54, -0.29, 0.07, 

0.00, -0.58, 0.95, -192.97, -59.19, 286.68, -0.54, -0.28, 0.07, 

-0.02, -0.56, 0.97, -184.68, -58.49, 286.68, -0.54, -0.28, 0.07, 

-0.02, -0.54, 0.97, -174.26, -61.65, 286.68, -0.54, -0.28, 0.06, 

-0.02, -0.53, 0.97, -165.45, -61.95, 286.68, -0.54, -0.28, 0.06, 

-0.02, -0.52, 0.97, -160.51, -63.05, 286.68, -0.54, -0.27, 0.06, 

-0.02, -0.51, 0.97, -156.95, -62.85, 286.68, -0.54, -0.27, 0.06, 

-0.03, -0.50, 0.97, -155.15, -62.56, 286.68, -0.54, -0.27, 0.05, 

-0.03, -0.49, 0.97, -156.72, -63.14, 286.68, -0.54, -0.27, 0.05, 

-0.03, -0.48, 0.96, -154.36, -61.98, 286.68, -0.54, -0.27, 0.06, 

-0.03, -0.47, 0.97, -158.69, -62.20, 286.68, -0.54, -0.27, 0.06, 

-0.04, -0.45, 0.98, -159.58, -60.17, 286.68, -0.54, -0.26, 0.05, 

-0.04, -0.43, 0.98, -161.48, -58.35, 286.68, -0.54, -0.26, 0.05, 

-0.00, -0.42, 0.99, -163.35, -56.29, 286.68, -0.54, -0.26, 0.05, 

0.03, -0.41, 1.01, -165.16, -55.38, 286.68, -0.54, -0.26, 0.05, 

0.04, -0.42, 1.07, -156.33, -51.87, 286.68, -0.54, -0.25, 0.05, 

0.06, -0.45, 1.13, -142.04, -51.90, 286.68, -0.54, -0.25, 0.05, 

0.05, -0.39, 1.08, -126.57, -51.58, 286.68, -0.54, -0.25, 0.05, 

0.01, -0.42, 1.07, -117.07, -55.07, 286.68, -0.54, -0.25, 0.05, 

0.01, -0.42, 1.04, -110.36, -55.83, 286.68, -0.54, -0.25, 0.05, 

-0.02, -0.42, 1.02, -104.12, -57.08, 286.68, -0.54, -0.25, 0.05, 

-0.02, -0.41, 1.02, -94.15, -57.56, 286.68, -0.54, -0.25, 0.04, 

-0.02, -0.40, 1.02, -92.35, -61.16, 286.68, -0.54, -0.25, 0.04, 

-0.02, -0.40, 1.01, -88.87, -61.56, 286.68, -0.54, -0.25, 0.04, 

-0.02, -0.38, 1.03, -90.68, -61.59, 286.68, -0.54, -0.25, 0.04, 

-0.02, -0.36, 1.06, -88.77, -59.22, 286.68, -0.53, -0.24, 0.05, 

-0.02, -0.33, 1.08, -88.29, -58.23, 286.68, -0.53, -0.24, 0.05, 

-0.02, -0.34, 1.07, -82.02, -55.86, 286.68, -0.54, -0.24, 0.05, 

-0.02, -0.35, 1.06, -77.75, -55.69, 286.68, -0.54, -0.24, 0.05, 

-0.02, -0.37, 1.04, -71.57, -53.49, 286.68, -0.54, -0.24, 0.05, 

-0.03, -0.39, 1.04, -69.21, -53.42, 286.68, -0.54, -0.24, 0.05, 

-0.03, -0.38, 1.03, -70.63, -53.75, 286.68, -0.54, -0.24, 0.04, 

-0.02, -0.37, 1.02, -71.29, -52.76, 286.68, -0.54, -0.24, 0.04, 

-0.02, -0.37, 1.03, -74.74, -53.30, 286.68, -0.54, -0.24, 0.04, 

-0.02, -0.37, 1.02, -78.29, -53.60, 286.68, -0.54, -0.24, 0.04, 

-0.02, -0.38, 1.02, -75.81, -51.06, 286.68, -0.54, -0.24, 0.05, 

-0.02, -0.39, 1.01, -82.74, -53.31, 286.68, -0.54, -0.24, 0.05, 

-0.03, -0.39, 1.00, -84.98, -52.11, 286.68, -0.54, -0.24, 0.05, 

-0.02, -0.36, 0.99, -95.40, -51.72, 286.68, -0.54, -0.24, 0.05, 

-0.01, -0.35, 0.99, -100.55, -52.16, 286.68, -0.54, -0.24, 0.04, 

-0.00, -0.34, 0.98, -112.18, -51.49, 286.68, -0.54, -0.24, 0.04, 

0.00, -0.34, 0.95, -119.69, -48.83, 286.68, -0.54, -0.24, 0.05, 

0.01, -0.34, 0.92, -140.52, -46.21, 286.68, -0.54, -0.24, 0.05, 

0.01, -0.35, 0.92, -159.52, -42.93, 286.68, -0.54, -0.24, 0.05, 

0.01, -0.31, 0.90, -194.21, -42.53, 286.68, -0.54, -0.24, 0.05, 

0.01, -0.32, 0.95, -218.30, -40.84, 286.68, -0.53, -0.23, 0.04, 

0.01, -0.29, 0.96, -243.21, -39.72, 286.68, -0.53, -0.23, 0.04, 

-0.01, -0.25, 1.04, -251.04, -37.36, 286.68, -0.54, -0.23, 0.03, 

-0.01, -0.25, 1.04, -251.04, -37.36, 286.68, -0.54, -0.23, 0.03, 

0.04, -0.26, 0.77, -259.60, -34.20, 286.68, -0.54, -0.22, 0.03, 

0.08, -0.47, 0.53, -275.91, -33.06, 286.68, -0.54, -0.22, 0.03, 

0.08, -0.47, 0.53, -275.91, -33.06, 286.68, -0.54, -0.22, 0.03, 

0.08, -0.47, 0.53, -275.91, -33.06, 286.68, -0.54, -0.22, 0.04, 

-0.15, -0.65, 1.99, -286.72, -44.68, 286.68, -0.54, -0.22, 0.04, 

1.91, -0.11, 1.49, -252.18, -42.89, 286.68, -0.53, -0.21, 0.03, 

1.91, -0.11, 1.49, -252.18, -42.89, 286.68, -0.53, -0.21, 0.03, 

1.91, -0.11, 1.49, -252.18, -42.89, 286.68, -0.53, -0.21, 0.03, 

-0.13, -0.59, 0.99, -61.99, -39.61, 286.68, -0.54, -0.20, 0.03, 

-0.07, -0.15, 1.10, -52.47, -49.67, 286.68, -0.54, -0.20, 0.03, 

-0.07, -0.15, 1.10, -52.47, -49.67, 286.68, -0.53, -0.20, 0.03, 

-0.07, -0.15, 1.10, -52.47, -49.67, 286.68, -0.53, -0.20, 0.03, 

-0.07, -0.03, 1.09, -51.62, -59.31, 286.68, -0.54, -0.20, 0.04, 

-0.02, -0.04, 1.06, -52.28, -62.96, 286.68, -0.54, -0.20, 0.04, 

-0.02, -0.04, 1.06, -52.28, -62.96, 286.68, -0.54, -0.20, 0.04, 

-0.02, -0.04, 1.06, -52.28, -62.96, 286.68, -0.54, -0.20, 0.04, 

-0.03, -0.04, 1.10, -50.17, -65.18, 286.68, -0.54, -0.20, 0.04, 

-0.03, -0.03, 1.10, -51.95, -65.42, 286.68, -0.54, -0.20, 0.03, 

-0.03, -0.03, 1.10, -51.95, -65.42, 286.68, -0.54, -0.20, 0.03, 

-0.03, -0.03, 1.10, -51.95, -65.42, 286.68, -0.54, -0.20, 0.03, 

-0.03, -0.04, 1.10, -50.17, -61.49, 286.68, -0.53, -0.20, 0.04, 

-0.03, -0.04, 1.09, -52.22, -62.38, 286.68, -0.53, -0.20, 0.04, 

-0.03, -0.04, 1.09, -52.22, -62.38, 286.68, -0.53, -0.20, 0.04, 

-0.03, -0.04, 1.09, -52.22, -62.38, 286.68, -0.53, -0.20, 0.04, 

-0.03, -0.04, 1.09, -52.81, -62.72, 286.68, -0.53, -0.20, 0.04, 

-0.03, -0.04, 1.08, -48.62, -60.31, 286.68, -0.53, -0.19, 0.03, 

-0.03, -0.04, 1.08, -48.62, -60.31, 286.68, -0.53, -0.19, 0.03, 

-0.03, -0.04, 1.08, -48.62, -60.31, 286.68, -0.53, -0.19, 0.03, 

-0.03, -0.04, 1.10, -53.97, -63.18, 286.68, -0.53, -0.19, 0.03, 

-0.03, -0.04, 1.10, -51.54, -62.55, 286.68, -0.53, -0.19, 0.03, 

-0.03, -0.04, 1.10, -51.54, -62.55, 286.68, -0.54, -0.20, 0.04, 

-0.03, -0.04, 1.10, -51.54, -62.55, 286.68, -0.54, -0.20, 0.04, 

-0.02, -0.04, 1.10, -50.52, -61.64, 286.68, -0.53, -0.20, 0.03, 

-0.02, -0.04, 1.10, -52.35, -62.75, 286.68, -0.53, -0.20, 0.03, 

-0.02, -0.04, 1.10, -52.35, -62.75, 286.68, -0.53, -0.20, 0.03, 

-0.02, -0.04, 1.10, -52.35, -62.75, 286.68, -0.53, -0.20, 0.03, 

-0.03, -0.04, 1.08, -54.63, -64.16, 286.68, -0.53, -0.20, 0.03, 

-0.03, -0.04, 1.09, -51.72, -63.67, 286.68, -0.53, -0.20, 0.04, 

-0.03, -0.04, 1.09, -51.72, -63.67, 286.68, -0.53, -0.20, 0.04, 

-0.03, -0.04, 1.09, -51.72, -63.67, 286.68, -0.53, -0.20, 0.04, 

-0.03, -0.04, 1.08, -52.06, -62.73, 286.68, -0.53, -0.20, 0.04, 

-0.03, -0.04, 1.10, -52.64, -62.26, 286.68, -0.53, -0.20, 0.04, 

-0.03, -0.04, 1.10, -52.64, -62.26, 286.68, -0.53, -0.20, 0.04, 

-0.03, -0.04, 1.10, -52.64, -62.26, 286.68, -0.54, -0.20, 0.03, 

-0.03, -0.04, 1.09, -51.88, -62.33, 286.68, -0.54, -0.20, 0.03, 

-0.03, -0.04, -0.00, -51.84, -61.76, 286.68, -0.53, -0.20, 0.04, 

-0.03, -0.04, -0.00, -51.84, -61.76, 286.68, -0.53, -0.20, 0.04, 

-0.03, -0.04, -0.00, -51.84, -61.76, 286.68, -0.53, -0.20, 0.04, 

-0.03, -0.04, 1.09, -51.90, -61.54, 286.68, -0.53, -0.20, 0.04, 

-0.03, -0.04, 1.09, -53.78, -62.80, 286.68, -0.53, -0.20, 0.04, 

-0.03, -0.04, 1.09, -53.78, -62.80, 286.68, -0.54, -0.20, 0.04, 

-0.03, -0.04, 1.09, -53.78, -62.80, 286.68, -0.54, -0.20, 0.04, 

-0.03, -0.04, 1.09, -51.49, -62.11, 286.68, -0.54, -0.20, 0.04, 

-0.03, -0.04, 1.98, -50.11, -60.85, 286.68, -0.54, -0.20, 0.04, 

-0.03, -0.04, 1.98, -50.11, -60.85, 286.68, -0.54, -0.20, 0.04, 

-0.03, -0.04, 1.98, -50.11, -60.85, 286.68, -0.54, -0.20, 0.04, 

-0.02, -0.04, 1.09, -50.11, -60.85, 286.68, -0.54, -0.20, 0.04, 

-0.03, -0.04, 1.09, -50.42, -61.05, 286.68, -0.54, -0.20, 0.04, 

-0.03, -0.04, 1.09, -50.42, -61.05, 286.68, -0.53, -0.19, 0.04, 

-0.03, -0.04, 1.09, -50.42, -61.05, 286.68, -0.53, -0.19, 0.04, 

-0.03, -0.04, 1.09, -50.42, -61.05, 286.68, -0.53, -0.19, 0.04, 

-0.03, -0.04, 1.09, -50.64, -61.56, 286.68, -0.54, -0.20, 0.03, 

-0.03, -0.04, 1.09, -50.64, -61.56, 286.68, -0.54, -0.20, 0.03, 

-0.03, -0.04, 1.09, -50.64, -61.56, 286.68, -0.53, -0.20, 0.03, 

-0.03, -0.04, 1.09, -50.64, -61.56, 286.68, -0.53, -0.20, 0.03, 

-0.02, -0.04, 1.09, -51.52, -61.83, 286.68, -0.53, -0.20, 0.03, 

-0.02, -0.04, 1.09, -50.78, -61.41, 286.68, -0.53, -0.20, 0.03, 

-0.02, -0.04, 1.09, -50.78, -61.41, 286.68, -0.53, -0.20, 0.03, 

-0.02, -0.04, 1.09, -50.78, -61.41, 286.68, -0.53, -0.20, 0.03, 

-0.03, -0.04, 1.11, -48.85, -60.60, 286.68, -0.53, -0.19, 0.03, 

-0.03, -0.04, 1.11, -50.92, -61.25, 286.68, -0.53, -0.19, 0.03, 

-0.03, -0.04, 1.11, -50.92, -61.25, 286.68, -0.54, -0.20, 0.03, 

-0.03, -0.04, 1.11, -50.92, -61.25, 286.68, -0.54, -0.20, 0.03, 

-0.03, -0.04, 1.09, -50.92, -61.25, 286.68, -0.54, -0.20, 0.03, 

-0.03, -0.04, 1.09, -48.75, -60.24, 286.68, -0.54, -0.19, 0.03, 

-0.03, -0.04, 1.09, -48.75, -60.24, 286.68, -0.54, -0.19, 0.03, 

-0.03, -0.04, 1.09, -48.75, -60.24, 286.68, -0.54, -0.19, 0.03, 

-0.03, -0.04, 1.09, -48.75, -60.24, 286.68, -0.53, -0.20, 0.03, 

-0.03, -0.04, 1.09, -52.26, -62.40, 286.68, -0.53, -0.20, 0.03, 

-0.03, -0.04, 1.09, -52.26, -62.40, 286.68, -0.53, -0.20, 0.04, 

-0.03, -0.04, 1.09, -52.26, -62.40, 286.68, -0.53, -0.20, 0.04, 

-0.03, -0.04, 1.09, -52.26, -62.40, 286.68, -0.53, -0.20, 0.04, 

-0.03, -0.04, 1.08, -49.20, -60.44, 286.68, -0.53, -0.19, 0.03, 

-0.03, -0.04, 1.08, -51.24, -0.01, -0.01, -0.53, -0.19, 0.03, 

-0.03, -0.04, 1.08, -51.24, -0.01, -0.01, -0.53, -0.19, 0.03, 

-0.03, -0.04, 1.08, -51.24, -0.01, -0.01, -0.53, -0.20, 0.03, 

-0.03, -0.04, 1.09, -50.23, -61.39, 286.68, -0.53, -0.20, 0.03, 

-0.03, -0.01, -0.00, -49.25, -60.42, 286.68, -0.53, -0.20, 0.03, 

-0.03, -0.01, -0.00, -49.25, -60.42, 286.68, -0.53, -0.20, 0.03, 

-0.03, -0.01, -0.00, -49.25, -60.42, 286.68, -0.53, -0.20, 0.03, 

-0.03, -0.04, 1.09, -48.48, -60.38, 286.68, -0.53, -0.20, 0.04, 

-0.03, -0.04, 1.09, -50.98, -61.29, 286.68, -0.53, -0.20, 0.04, 

-0.03, -0.04, 1.09, -50.98, -61.29, 286.68, -0.53, -0.20, 0.04, 

-0.03, -0.04, 1.09, -50.98, -61.29, 286.68, -0.53, -0.20, 0.04, 

-0.03, -0.04, 1.10, -50.33, -61.49, 286.68, -0.53, -0.20, 0.04, 

-0.03, -0.04, 1.09, -49.16, -59.71, 286.68, -0.53, -0.20, 0.03, 

-0.03, -0.04, 1.09, -49.16, -59.71, 286.68, -0.53, -0.20, 0.03, 

-0.03, -0.04, 1.09, -49.16, -59.71, 286.68, -0.53, -0.20, 0.04, 

-0.03, -0.04, 1.09, -49.78, -60.69, 286.68, -0.53, -0.20, 0.04, 

-0.01, -0.00, -0.00, -50.32, -61.08, 286.68, -0.53, -0.20, 0.04, 

-0.01, -0.00, -0.00, -50.32, -61.08, 286.68, -0.53, -0.20, 0.04, 

-0.01, -0.00, -0.00, -50.32, -61.08, 286.68, -0.53, -0.20, 0.04, 

-0.03, -0.04, 1.09, -48.64, -60.26, 286.68, -0.53, -0.20, 0.03, 

-0.03, -0.04, 1.09, -51.24, -54.95, -0.01, -0.53, -0.20, 0.03, 

-0.03, -0.04, 1.09, -51.24, -54.95, -0.01, -0.53, -0.20, 0.03, 

-0.03, -0.04, 1.09, -51.24, -54.95, -0.01, -0.54, -0.21, 0.03, 

-0.03, -0.04, 1.09, -50.54, -61.01, 286.68, -0.54, -0.21, 0.03, 

-0.03, -0.01, -0.00, -49.53, -60.71, 286.68, -0.53, -0.20, 0.04, 

