-5.07,-1.75,154.26,0.03,-0.09,1.02,1.71,-3.17,-3.60,1.33,0.43,-1.36,-6.07,-2.75,153.26,-0.97,-1.09,0.02,0.71,-4.17,-4.60
-5.05,-1.67,154.23,0.03,-0.09,1.02,1.89,-3.11,-3.60,1.33,0.43,-1.36,-6.05,-2.67,153.23,-0.97,-1.09,0.02,0.89,-4.11,-4.60
-4.99,-1.60,154.20,0.03,-0.09,1.01,1.83,-3.17,-3.54,1.33,0.43,-1.36,-4.99,-1.60,154.20,0.03,-0.09,1.01,1.83,-3.17,-3.54
-4.99,-1.60,154.20,0.03,-0.09,1.01,1.83,-3.17,-3.54,1.33,0.43,-1.36,-4.99,-1.60,154.20,0.03,-0.09,1.01,1.83,-3.17,-3.54
-5.08,-1.61,154.17,0.03,-0.09,1.01,1.77,-3.23,-3.60,1.33,0.43,-1.36,-4.08,-0.61,155.17,1.03,0.91,2.01,2.77,-2.23,-2.60
-5.08,-1.61,154.17,0.03,-0.09,1.01,1.77,-3.23,-3.60,1.33,0.43,-1.36,-4.08,-0.61,155.17,1.03,0.91,2.01,2.77,-2.23,-2.60
-4.97,-1.70,154.13,0.03,-0.09,1.02,1.77,-3.17,-3.60,1.33,0.43,-1.36,-7.97,-4.70,151.13,-2.97,-3.09,-1.98,-1.23,-6.17,-6.60
-4.95,-1.62,154.10,0.03,-0.09,1.02,1.83,-3.11,-3.60,1.33,0.43,-1.36,-7.95,-4.62,151.10,-2.97,-3.09,-1.98,-1.17,-6.11,-6.60
-5.04,-1.66,154.07,0.03,-0.09,1.02,1.77,-3.17,-3.60,1.34,0.43,-1.35,-3.04,0.34,156.07,2.03,1.91,3.02,3.77,-1.17,-1.60
-5.01,-1.58,154.04,0.03,-0.09,1.01,1.71,-3.23,-3.54,1.34,0.43,-1.35,-3.01,0.42,156.04,2.03,1.91,3.01,3.71,-1.23,-1.54
-5.06,-1.70,154.01,0.03,-0.09,1.01,1.71,-3.05,-3.60,1.34,0.43,-1.35,-6.06,-2.70,153.01,-0.97,-1.09,0.01,0.71,-4.05,-4.60
-5.06,-1.70,154.01,0.03,-0.09,1.01,1.71,-3.05,-3.60,1.34,0.43,-1.35,-6.06,-2.70,153.01,-0.97,-1.09,0.01,0.71,-4.05,-4.60
-5.05,-1.84,153.98,0.03,-0.09,1.02,1.71,-3.17,-3.60,1.34,0.43,-1.35,-6.05,-2.84,152.98,-0.97,-1.09,0.02,0.71,-4.17,-4.60
-5.06,-1.77,153.95,0.03,-0.09,1.02,1.77,-3.30,-3.54,1.34,0.43,-1.35,-2.06,1.23,156.95,3.03,2.91,4.02,4.77,-0.30,-0.54
-5.06,-1.77,153.95,0.03,-0.09,1.02,1.77,-3.30,-3.54,1.34,0.43,-1.35,-2.06,1.23,156.95,3.03,2.91,4.02,4.77,-0.30,-0.54
-5.03,-1.70,153.92,0.03,-0.09,1.01,1.77,-3.23,-3.60,1.34,0.43,-1.35,-2.03,1.30,156.92,3.03,2.91,4.01,4.77,-0.23,-0.60
-5.06,-1.63,153.89,0.03,-0.09,1.01,1.77,-3.17,-3.60,1.34,0.43,-1.35,-4.06,-0.63,154.89,1.03,0.91,2.01,2.77,-2.17,-2.60
-5.06,-1.63,153.89,0.03,-0.09,1.01,1.77,-3.17,-3.60,1.34,0.43,-1.35,-4.06,-0.63,154.89,1.03,0.91,2.01,2.77,-2.17,-2.60
-5.05,-1.78,153.86,0.03,-0.09,1.02,1.77,-2.99,-3.54,1.34,0.43,-1.35,-4.05,-0.78,154.86,1.03,0.91,2.02,2.77,-1.99,-2.54
-5.04,-1.70,153.82,0.03,-0.09,1.02,1.83,-3.17,-3.72,1.34,0.43,-1.35,-7.04,-3.70,151.82,-1.97,-2.09,-0.98,-0.17,-5.17,-5.72
-5.04,-1.70,153.82,0.03,-0.09,1.02,1.83,-3.17,-3.72,1.34,0.43,-1.35,-7.04,-3.70,151.82,-1.97,-2.09,-0.98,-0.17,-5.17,-5.72
-5.09,-1.65,153.79,0.03,-0.09,1.01,1.77,-3.23,-3.60,1.34,0.43,-1.35,-6.09,-2.65,152.79,-0.97,-1.09,0.01,0.77,-4.23,-4.60
-5.09,-1.65,153.79,0.03,-0.09,1.01,1.77,-3.23,-3.60,1.34,0.43,-1.35,-6.09,-2.65,152.79,-0.97,-1.09,0.01,0.77,-4.23,-4.60
-4.99,-1.61,153.76,0.03,-0.09,1.01,1.77,-3.17,-3.60,1.34,0.43,-1.35,-5.99,-2.61,152.76,-0.97,-1.09,0.01,0.77,-4.17,-4.60
-5.08,-1.64,153.73,0.03,-0.09,1.02,1.77,-3.11,-3.54,1.33,0.43,-1.36,-2.08,1.36,156.73,3.03,2.91,4.02,4.77,-0.11,-0.54
-4.99,-1.59,153.70,0.03,-0.09,1.02,1.77,-3.23,-3.54,1.33,0.43,-1.36,-1.99,1.41,156.70,3.03,2.91,4.02,4.77,-0.23,-0.54
-5.08,-1.63,153.67,0.03,-0.09,1.02,1.71,-3.17,-3.54,1.33,0.43,-1.36,-6.08,-2.63,152.67,-0.97,-1.09,0.02,0.71,-4.17,-4.54
-4.95,-1.67,153.63,0.03,-0.09,1.02,1.77,-3.05,-3.60,1.33,0.43,-1.36,-5.95,-2.67,152.63,-0.97,-1.09,0.02,0.77,-4.05,-4.60
-4.96,-1.60,153.60,0.03,-0.09,1.02,1.71,-3.11,-3.60,1.33,0.43,-1.36,-1.96,1.40,156.60,3.03,2.91,4.02,4.71,-0.11,-0.60
-4.96,-1.60,153.60,0.03,-0.09,1.02,1.71,-3.11,-3.60,1.33,0.43,-1.36,-1.96,1.40,156.60,3.03,2.91,4.02,4.71,-0.11,-0.60
-5.04,-1.57,153.57,0.03,-0.09,1.01,1.77,-3.17,-3.66,1.33,0.43,-1.36,-9.04,-5.57,149.57,-3.97,-4.09,-2.99,-2.23,-7.17,-7.66
-5.04,-1.57,153.57,0.03,-0.09,1.01,1.77,-3.17,-3.66,1.33,0.43,-1.36,-9.04,-5.57,149.57,-3.97,-4.09,-2.99,-2.23,-7.17,-7.66
-5.05,-1.71,153.54,0.03,-0.09,1.01,1.77,-3.23,-3.66,1.33,0.43,-1.36,-9.05,-5.71,149.54,-3.97,-4.09,-2.99,-2.23,-7.23,-7.66
-5.09,-1.84,153.51,0.03,-0.09,1.02,1.77,-3.17,-3.60,1.33,0.43,-1.36,-9.09,-5.84,149.51,-3.97,-4.09,-2.98,-2.23,-7.17,-7.60
-5.04,-1.77,153.48,0.03,-0.09,1.02,1.83,-3.17,-3.54,1.33,0.43,-1.36,-9.04,-5.77,149.48,-3.97,-4.09,-2.98,-2.17,-7.17,-7.54
-4.99,-1.69,153.45,0.03,-0.09,1.02,1.77,-3.05,-3.54,1.33,0.43,-1.36,-6.99,-3.69,151.45,-1.97,-2.09,-0.98,-0.23,-5.05,-5.54
-5.05,-1.64,153.42,0.03,-0.09,1.01,1.77,-3.11,-3.54,1.33,0.43,-1.36,-7.05,-3.64,151.42,-1.97,-2.09,-0.99,-0.23,-5.11,-5.54
-4.93,-1.62,153.38,0.03,-0.09,1.01,1.77,-3.11,-3.54,1.33,0.43,-1.36,-2.93,0.38,155.38,2.03,1.91,3.01,3.77,-1.11,-1.54
-4.93,-1.62,153.38,0.03,-0.09,1.01,1.77,-3.11,-3.54,1.33,0.43,-1.36,-2.93,0.38,155.38,2.03,1.91,3.01,3.77,-1.11,-1.54
-4.88,-1.76,153.35,0.03,-0.09,1.02,1.77,-3.05,-3.54,1.33,0.43,-1.36,-4.88,-1.76,153.35,0.03,-0.09,1.02,1.77,-3.05,-3.54
-4.88,-1.76,153.35,0.03,-0.09,1.02,1.77,-3.05,-3.54,1.33,0.43,-1.36,-4.88,-1.76,153.35,0.03,-0.09,1.02,1.77,-3.05,-3.54
-4.94,-1.71,153.32,0.03,-0.09,1.01,1.83,-3.17,-3.66,1.33,0.43,-1.36,-6.94,-3.71,151.32,-1.97,-2.09,-0.99,-0.17,-5.17,-5.66
-4.94,-1.71,153.32,0.03,-0.09,1.01,1.83,-3.17,-3.66,1.33,0.43,-1.36,-6.94,-3.71,151.32,-1.97,-2.09,-0.99,-0.17,-5.17,-5.66
-4.97,-1.65,153.29,0.03,-0.09,1.01,1.71,-3.11,-3.60,1.33,0.43,-1.36,-6.97,-3.65,151.29,-1.97,-2.09,-0.99,-0.29,-5.11,-5.60
-5.03,-1.60,153.26,0.03,-0.09,1.01,1.77,-3.11,-3.54,1.33,0.43,-1.36,-5.03,-1.60,153.26,0.03,-0.09,1.01,1.77,-3.11,-3.54
-5.03,-1.60,153.26,0.03,-0.09,1.01,1.77,-3.11,-3.54,1.33,0.43,-1.36,-5.03,-1.60,153.26,0.03,-0.09,1.01,1.77,-3.11,-3.54
-4.94,-1.55,153.23,0.03,-0.09,1.02,1.77,-3.05,-3.66,1.33,0.43,-1.36,-4.94,-1.55,153.23,0.03,-0.09,1.02,1.77,-3.05,-3.66
-4.95,-1.69,153.20,0.03,-0.09,1.01,1.83,-3.23,-3.60,1.33,0.43,-1.36,-1.95,1.31,156.20,3.03,2.91,4.01,4.83,-0.23,-0.60
-4.95,-1.69,153.20,0.03,-0.09,1.01,1.83,-3.23,-3.60,1.33,0.43,-1.36,-1.95,1.31,156.20,3.03,2.91,4.01,4.83,-0.23,-0.60
-5.04,-1.72,153.17,0.03,-0.09,1.01,1.83,-3.17,-3.60,1.33,0.43,-1.36,-2.04,1.28,156.17,3.03,2.91,4.01,4.83,-0.17,-0.60
-4.98,-1.65,153.13,0.03,-0.09,1.02,1.77,-3.05,-3.60,1.33,0.43,-1.36,-8.98,-5.65,149.13,-3.97,-4.09,-2.98,-2.23,-7.05,-7.60
-5.01,-1.79,153.10,0.03,-0.09,1.02,1.77,-3.11,-3.54,1.33,0.43,-1.36,-9.01,-5.79,149.10,-3.97,-4.09,-2.98,-2.23,-7.11,-7.54
-5.00,-1.71,153.07,0.03,-0.09,1.02,1.71,-3.11,-3.66,1.33,0.43,-1.36,-9.00,-5.71,149.07,-3.97,-4.09,-2.98,-2.29,-7.11,-7.66
-5.00,-1.63,153.04,0.03,-0.09,1.01,1.77,-3.11,-3.66,1.33,0.43,-1.36,-9.00,-5.63,149.04,-3.97,-4.09,-2.99,-2.23,-7.11,-7.66
-5.08,-1.62,153.01,0.03,-0.09,1.01,1.77,-3.11,-3.54,1.33,0.43,-1.36,-8.08,-4.62,150.01,-2.97,-3.09,-1.99,-1.23,-6.11,-6.54
-5.08,-1.62,153.01,0.03,-0.09,1.01,1.77,-3.11,-3.54,1.33,0.43,-1.36,-8.08,-4.62,150.01,-2.97,-3.09,-1.99,-1.23,-6.11,-6.54
-4.95,-1.67,152.98,0.03,-0.09,1.02,1.77,-3.11,-3.60,1.33,0.43,-1.36,-1.95,1.33,155.98,3.03,2.91,4.02,4.77,-0.11,-0.60
-4.95,-1.67,152.98,0.03,-0.09,1.02,1.77,-3.11,-3.60,1.33,0.43,-1.36,-1.95,1.33,155.98,3.03,2.91,4.02,4.77,-0.11,-0.60
-5.04,-1.67,152.95,0.03,-0.09,1.02,1.77,-3.05,-3.60,1.33,0.43,-1.36,-2.04,1.33,155.95,3.03,2.91,4.02,4.77,-0.05,-0.60
-5.10,-1.62,152.92,0.03,-0.09,1.02,1.71,-3.17,-3.60,1.33,0.43,-1.36,-2.10,1.38,155.92,3.03,2.91,4.02,4.71,-0.17,-0.60
-5.10,-1.62,152.92,0.03,-0.09,1.02,1.71,-3.17,-3.60,1.33,0.43,-1.36,-2.10,1.38,155.92,3.03,2.91,4.02,4.71,-0.17,-0.60
-4.98,-1.60,152.88,0.03,-0.09,1.01,1.77,-3.11,-3.54,1.33,0.43,-1.36,-1.98,1.40,155.88,3.03,2.91,4.01,4.77,-0.11,-0.54
-4.86,-1.60,152.85,0.03,-0.09,1.02,1.77,-2.99,-3.60,1.33,0.43,-1.36,-6.86,-3.60,150.85,-1.97,-2.09,-0.98,-0.23,-4.99,-5.60
-4.86,-1.60,152.85,0.03,-0.09,1.02,1.77,-2.99,-3.60,1.33,0.43,-1.36,-6.86,-3.60,150.85,-1.97,-2.09,-0.98,-0.23,-4.99,-5.60
-4.94,-1.67,152.82,0.03,-0.09,1.02,1.83,-3.11,-3.60,1.33,0.43,-1.36,-3.94,-0.67,153.82,1.03,0.91,2.02,2.83,-2.11,-2.60
-4.94,-1.67,152.82,0.03,-0.09,1.02,1.83,-3.11,-3.60,1.33,0.43,-1.36,-3.94,-0.67,153.82,1.03,0.91,2.02,2.83,-2.11,-2.60
-5.03,-1.72,152.79,0.03,-0.09,1.02,1.77,-3.05,-3.60,1.33,0.43,-1.36,-4.03,-0.72,153.79,1.03,0.91,2.02,2.77,-2.05,-2.60
-5.10,-1.69,152.76,0.03,-0.09,1.01,1.71,-2.99,-3.60,1.33,0.43,-1.36,-8.10,-4.69,149.76,-2.97,-3.09,-1.99,-1.29,-5.99,-6.60
-5.03,-1.62,152.73,0.03,-0.09,1.01,1.83,-2.99,-3.60,1.33,0.43,-1.36,-8.03,-4.62,149.73,-2.97,-3.09,-1.99,-1.17,-5.99,-6.60
-5.12,-1.63,152.70,0.03,-0.09,1.01,1.83,-3.05,-3.54,1.33,0.43,-1.36,-3.12,0.37,154.70,2.03,1.91,3.01,3.83,-1.05,-1.54
-5.01,-1.60,152.67,0.03,-0.09,1.01,1.83,-3.11,-3.54,1.33,0.43,-1.36,-3.01,0.40,154.67,2.03,1.91,3.01,3.83,-1.11,-1.54
-4.91,-1.56,152.63,0.03,-0.09,1.02,1.77,-3.05,-3.48,1.33,0.43,-1.36,-6.91,-3.56,150.63,-1.97,-2.09,-0.98,-0.23,-5.05,-5.48
-4.91,-1.56,152.63,0.03,-0.09,1.02,1.77,-3.05,-3.48,1.33,0.43,-1.36,-6.91,-3.56,150.63,-1.97,-2.09,-0.98,-0.23,-5.05,-5.48
-4.93,-1.69,152.60,0.03,-0.09,1.02,1.77,-3.05,-3.54,1.33,0.43,-1.36,-8.93,-5.69,148.60,-3.97,-4.09,-2.98,-2.23,-7.05,-7.54
-4.93,-1.69,152.60,0.03,-0.09,1.02,1.77,-3.05,-3.54,1.33,0.43,-1.36,-8.93,-5.69,148.60,-3.97,-4.09,-2.98,-2.23,-7.05,-7.54
-5.02,-1.68,152.57,0.03,-0.09,1.01,1.83,-3.11,-3.54,1.33,0.43,-1.36,-5.02,-1.68,152.57,0.03,-0.09,1.01,1.83,-3.11,-3.54
-5.08,-1.63,152.54,0.03,-0.09,1.02,1.77,-3.05,-3.60,1.33,0.43,-1.36,-5.08,-1.63,152.54,0.03,-0.09,1.02,1.77,-3.05,-3.60
-4.98,-1.59,152.51,0.03,-0.09,1.02,1.77,-3.05,-3.60,1.33,0.43,-1.36,-3.98,-0.59,153.51,1.03,0.91,2.02,2.77,-2.05,-2.60
-5.06,-1.67,152.48,0.03,-0.09,1.02,1.71,-3.05,-3.54,1.33,0.43,-1.36,-4.06,-0.67,153.48,1.03,0.91,2.02,2.71,-2.05,-2.54
-5.09,-1.61,152.45,0.03,-0.09,1.01,1.77,-3.11,-3.60,1.33,0.43,-1.36,-8.09,-4.61,149.45,-2.97,-3.09,-1.99,-1.23,-6.11,-6.60
-4.97,-1.61,152.42,0.03,-0.09,1.01,1.77,-3.17,-3.54,1.33,0.43,-1.36,-7.97,-4.61,149.42,-2.97,-3.09,-1.99,-1.23,-6.17,-6.54
-5.06,-1.62,152.39,0.03,-0.09,1.01,1.71,-3.11,-3.54,1.33,0.43,-1.36,-4.06,-0.62,153.39,1.03,0.91,2.01,2.71,-2.11,-2.54
-5.08,-1.75,152.36,0.03,-0.09,1.01,1.77,-3.17,-3.54,1.33,0.43,-1.36,-4.08,-0.75,153.36,1.03,0.91,2.01,2.77,-2.17,-2.54
-4.99,-1.70,152.33,0.03,-0.09,1.02,1.83,-3.11,-3.54,1.33,0.43,-1.36,-7.99,-4.70,149.33,-2.97,-3.09,-1.98,-1.17,-6.11,-6.54
-4.99,-1.70,152.33,0.03,-0.09,1.02,1.83,-3.11,-3.54,1.33,0.43,-1.36,-7.99,-4.70,149.33,-2.97,-3.09,-1.98,-1.17,-6.11,-6.54
-5.04,-1.65,152.30,0.03,-0.09,1.01,1.83,-3.11,-3.54,1.33,0.43,-1.36,-4.04,-0.65,153.30,1.03,0.91,2.01,2.83,-2.11,-2.54
-5.04,-1.65,152.30,0.03,-0.09,1.01,1.83,-3.11,-3.54,1.33,0.43,-1.36,-4.04,-0.65,153.30,1.03,0.91,2.01,2.83,-2.11,-2.54
-5.12,-1.62,152.27,0.03,-0.09,1.01,1.77,-3.05,-3.60,1.33,0.43,-1.36,-7.12,-3.62,150.27,-1.97,-2.09,-0.99,-0.23,-5.05,-5.60
-5.12,-1.62,152.27,0.03,-0.09,1.01,1.77,-3.05,-3.60,1.33,0.43,-1.36,-7.12,-3.62,150.27,-1.97,-2.09,-0.99,-0.23,-5.05,-5.60
-4.99,-1.65,152.23,0.03,-0.09,1.02,1.77,-3.11,-3.54,1.33,0.43,-1.36,-2.99,0.35,154.23,2.03,1.91,3.02,3.77,-1.11,-1.54
-4.96,-1.58,152.20,0.03,-0.09,1.02,1.77,-3.17,-3.54,1.33,0.43,-1.36,-2.96,0.42,154.20,2.03,1.91,3.02,3.77,-1.17,-1.54
-5.04,-1.56,152.17,0.03,-0.09,1.02,1.77,-3.11,-3.60,1.33,0.43,-1.36,-8.04,-4.56,149.17,-2.97,-3.09,-1.98,-1.23,-6.11,-6.60
-5.09,-1.68,152.14,0.03,-0.09,1.02,1.77,-3.05,-3.60,1.33,0.43,-1.36,-8.09,-4.68,149.14,-2.97,-3.09,-1.98,-1.23,-6.05,-6.60
-5.06,-1.60,152.11,0.03,-0.09,1.01,1.83,-3.11,-3.60,1.33,0.43,-1.36,-6.06,-2.60,151.11,-0.97,-1.09,0.01,0.83,-4.11,-4.60
-5.06,-1.60,152.11,0.03,-0.09,1.01,1.83,-3.11,-3.60,1.33,0.43,-1.36,-6.06,-2.60,151.11,-0.97,-1.09,0.01,0.83,-4.11,-4.60
-5.00,-1.53,152.08,0.03,-0.09,1.01,1.77,-3.11,-3.60,1.33,0.43,-1.36,-8.00,-4.53,149.08,-2.97,-3.09,-1.99,-1.23,-6.11,-6.60
-5.00,-1.53,152.08,0.03,-0.09,1.01,1.77,-3.11,-3.60,1.33,0.43,-1.36,-8.00,-4.53,149.08,-2.97,-3.09,-1.99,-1.23,-6.11,-6.60
-5.04,-1.66,152.05,0.03,-0.09,1.01,1.77,-3.17,-3.48,1.33,0.43,-1.36,-9.04,-5.66,148.05,-3.97,-4.09,-2.99,-2.23,-7.17,-7.48
-5.04,-1.66,152.05,0.03,-0.09,1.01,1.77,-3.17,-3.48,1.33,0.43,-1.36,-9.04,-5.66,148.05,-3.97,-4.09,-2.99,-2.23,-7.17,-7.48
-5.02,-1.58,152.02,0.03,-0.09,1.01,1.77,-3.17,-3.60,1.33,0.43,-1.36,-3.02,0.42,154.02,2.03,1.91,3.01,3.77,-1.17,-1.60
-4.89,-1.57,151.98,0.03,-0.09,1.02,1.77,-3.11,-3.54,1.33,0.43,-1.36,-2.89,0.43,153.98,2.03,1.91,3.02,3.77,-1.11,-1.54
-4.98,-1.64,151.95,0.03,-0.09,1.02,1.77,-3.17,-3.54,1.33,0.43,-1.36,-6.98,-3.64,149.95,-1.97,-2.09,-0.98,-0.23,-5.17,-5.54
-5.05,-1.61,151.92,0.03,-0.09,1.01,1.71,-3.17,-3.54,1.33,0.43,-1.36,-7.05,-3.61,149.92,-1.97,-2.09,-0.99,-0.29,-5.17,-5.54
-4.92,-1.66,151.89,0.03,-0.09,1.02,1.77,-3.17,-3.60,1.33,0.43,-1.36,-3.92,-0.66,152.89,1.03,0.91,2.02,2.77,-2.17,-2.60
-4.92,-1.66,151.89,0.03,-0.09,1.02,1.77,-3.17,-3.60,1.33,0.43,-1.36,-3.92,-0.66,152.89,1.03,0.91,2.02,2.77,-2.17,-2.60
-5.01,-1.73,151.86,0.03,-0.09,1.02,1.77,-3.17,-3.60,1.33,0.43,-1.36,-2.01,1.27,154.86,3.03,2.91,4.02,4.77,-0.17,-0.60
-5.01,-1.73,151.86,0.03,-0.09,1.02,1.77,-3.17,-3.60,1.33,0.43,-1.36,-2.01,1.27,154.86,3.03,2.91,4.02,4.77,-0.17,-0.60
-5.07,-1.69,151.83,0.03,-0.09,1.02,1.77,-3.11,-3.60,1.33,0.43,-1.36,-2.07,1.31,154.83,3.03,2.91,4.02,4.77,-0.11,-0.60
-4.97,-1.65,151.80,0.03,-0.09,1.01,1.71,-3.11,-3.60,1.33,0.43,-1.36,-6.97,-3.65,149.80,-1.97,-2.09,-0.99,-0.29,-5.11,-5.60
-4.97,-1.65,151.80,0.03,-0.09,1.01,1.71,-3.11,-3.60,1.33,0.43,-1.36,-6.97,-3.65,149.80,-1.97,-2.09,-0.99,-0.29,-5.11,-5.60
-5.07,-1.67,151.77,0.03,-0.09,1.02,1.77,-3.11,-3.48,1.33,0.43,-1.36,-7.07,-3.67,149.77,-1.97,-2.09,-0.98,-0.23,-5.11,-5.48
-5.07,-1.67,151.77,0.03,-0.09,1.02,1.77,-3.11,-3.48,1.33,0.43,-1.36,-7.07,-3.67,149.77,-1.97,-2.09,-0.98,-0.23,-5.11,-5.48
-5.00,-1.60,151.74,0.03,-0.09,1.02,1.77,-3.17,-3.60,1.33,0.43,-1.36,-8.00,-4.60,148.74,-2.97,-3.09,-1.98,-1.23,-6.17,-6.60
-5.03,-1.53,151.71,0.03,-0.09,1.01,1.71,-3.11,-3.54,1.33,0.43,-1.36,-8.03,-4.53,148.71,-2.97,-3.09,-1.99,-1.29,-6.11,-6.54
-5.11,-1.62,151.68,0.03,-0.09,1.01,1.71,-3.17,-3.54,1.33,0.43,-1.36,-6.11,-2.62,150.68,-0.97,-1.09,0.01,0.71,-4.17,-4.54
-4.99,-1.66,151.64,0.03,-0.09,1.01,1.77,-3.11,-3.66,1.33,0.43,-1.36,-5.99,-2.66,150.64,-0.97,-1.09,0.01,0.77,-4.11,-4.66
-4.98,-1.58,151.61,0.03,-0.09,1.02,1.83,-3.23,-3.60,1.33,0.43,-1.36,-6.98,-3.58,149.61,-1.97,-2.09,-0.98,-0.17,-5.23,-5.60
-5.06,-1.68,151.58,0.03,-0.09,1.01,1.77,-3.23,-3.54,1.33,0.43,-1.36,-7.06,-3.68,149.58,-1.97,-2.09,-0.99,-0.23,-5.23,-5.54
-5.12,-1.63,151.55,0.03,-0.09,1.01,1.71,-3.23,-3.60,1.33,0.43,-1.36,-8.12,-4.63,148.55,-2.97,-3.09,-1.99,-1.29,-6.23,-6.60
-5.01,-1.61,151.52,0.03,-0.09,1.01,1.83,-3.30,-3.60,1.33,0.43,-1.36,-8.01,-4.61,148.52,-2.97,-3.09,-1.99,-1.17,-6.30,-6.60
-4.96,-1.53,151.49,0.03,-0.09,1.02,1.71,-3.30,-3.66,1.33,0.43,-1.36,-5.96,-2.53,150.49,-0.97,-1.09,0.02,0.71,-4.30,-4.66
-5.06,-1.58,151.46,0.03,-0.09,1.01,1.83,-3.30,-3.66,1.33,0.43,-1.36,-6.06,-2.58,150.46,-0.97,-1.09,0.01,0.83,-4.30,-4.66
-5.00,-1.51,151.42,0.03,-0.09,1.02,1.83,-3.36,-3.60,1.33,0.43,-1.36,-2.00,1.49,154.42,3.03,2.91,4.02,4.83,-0.36,-0.60
-5.08,-1.58,151.39,0.03,-0.09,1.01,1.77,-3.36,-3.60,1.33,0.43,-1.36,-2.08,1.42,154.39,3.03,2.91,4.01,4.77,-0.36,-0.60
-5.07,-1.73,151.36,0.06,-0.09,1.01,1.65,-3.30,-3.60,1.33,0.43,-1.36,-7.07,-3.73,149.36,-1.94,-2.09,-0.99,-0.35,-5.30,-5.60
-5.07,-1.73,151.36,0.06,-0.09,1.01,1.65,-3.30,-3.60,1.33,0.43,-1.36,-7.07,-3.73,149.36,-1.94,-2.09,-0.99,-0.35,-5.30,-5.60
-5.06,-1.87,151.33,0.03,-0.09,1.02,1.77,-3.17,-3.60,1.33,0.43,-1.36,-6.06,-2.87,150.33,-0.97,-1.09,0.02,0.77,-4.17,-4.60
-5.06,-1.87,151.33,0.03,-0.09,1.02,1.77,-3.17,-3.60,1.33,0.43,-1.36,-6.06,-2.87,150.33,-0.97,-1.09,0.02,0.77,-4.17,-4.60
-5.00,-1.80,151.30,0.03,-0.09,1.02,1.71,-3.17,-3.60,1.33,0.43,-1.36,-6.00,-2.80,150.30,-0.97,-1.09,0.02,0.71,-4.17,-4.60
-5.03,-1.74,151.27,0.03,-0.09,1.01,1.83,-3.23,-3.48,1.33,0.43,-1.36,-2.03,1.26,154.27,3.03,2.91,4.01,4.83,-0.23,-0.48
-5.08,-1.68,151.24,0.03,-0.09,1.01,1.83,-3.17,-3.60,1.33,0.43,-1.36,-2.08,1.32,154.24,3.03,2.91,4.01,4.83,-0.17,-0.60
-4.95,-1.69,151.20,0.03,-0.09,1.02,1.83,-3.17,-3.60,1.33,0.43,-1.36,-4.95,-1.69,151.20,0.03,-0.09,1.02,1.83,-3.17,-3.60
-5.03,-1.67,151.18,0.03,-0.09,1.02,1.83,-3.17,-3.54,1.33,0.43,-1.36,-5.03,-1.67,151.18,0.03,-0.09,1.02,1.83,-3.17,-3.54
-4.95,-1.61,151.14,0.03,-0.09,1.02,1.77,-3.30,-3.54,1.33,0.43,-1.36,-1.95,1.39,154.14,3.03,2.91,4.02,4.77,-0.30,-0.54
-4.95,-1.61,151.14,0.03,-0.09,1.02,1.77,-3.30,-3.54,1.33,0.43,-1.36,-1.95,1.39,154.14,3.03,2.91,4.02,4.77,-0.30,-0.54
-4.93,-1.53,151.11,0.03,-0.09,1.01,1.77,-3.17,-3.48,1.33,0.43,-1.36,-7.93,-4.53,148.11,-2.97,-3.09,-1.99,-1.23,-6.17,-6.48
-4.93,-1.53,151.11,0.03,-0.09,1.01,1.77,-3.17,-3.48,1.33,0.43,-1.36,-7.93,-4.53,148.11,-2.97,-3.09,-1.99,-1.23,-6.17,-6.48
-4.81,-1.53,151.08,0.03,-0.09,1.02,1.77,-3.23,-3.60,1.33,0.43,-1.36,-3.81,-0.53,152.08,1.03,0.91,2.02,2.77,-2.23,-2.60
-4.81,-1.53,151.08,0.03,-0.09,1.02,1.77,-3.23,-3.60,1.33,0.43,-1.36,-3.81,-0.53,152.08,1.03,0.91,2.02,2.77,-2.23,-2.60
-4.89,-1.60,151.05,0.03,-0.09,1.02,1.77,-3.17,-3.60,1.33,0.43,-1.36,-3.89,-0.60,152.05,1.03,0.91,2.02,2.77,-2.17,-2.60
-4.96,-1.70,151.02,0.03,-0.09,1.02,1.83,-3.23,-3.60,1.33,0.43,-1.36,-3.96,-0.70,152.02,1.03,0.91,2.02,2.83,-2.23,-2.60
-4.96,-1.70,151.02,0.03,-0.09,1.02,1.83,-3.23,-3.60,1.33,0.43,-1.36,-3.96,-0.70,152.02,1.03,0.91,2.02,2.83,-2.23,-2.60
-5.01,-1.83,150.99,0.03,-0.09,1.01,1.83,-3.17,-3.60,1.33,0.43,-1.36,-4.01,-0.83,151.99,1.03,0.91,2.01,2.83,-2.17,-2.60
-4.97,-1.75,150.96,0.03,-0.09,1.01,1.83,-3.11,-3.60,1.34,0.43,-1.35,-8.97,-5.75,146.96,-3.97,-4.09,-2.99,-2.17,-7.11,-7.60
-4.99,-1.69,150.93,0.03,-0.09,1.01,1.83,-3.17,-3.60,1.34,0.43,-1.35,-8.99,-5.69,146.93,-3.97,-4.09,-2.99,-2.17,-7.17,-7.60
-5.08,-1.68,150.90,0.03,-0.09,1.02,1.89,-3.17,-3.60,1.34,0.43,-1.35,-5.08,-1.68,150.90,0.03,-0.09,1.02,1.89,-3.17,-3.60
-4.97,-1.66,150.86,0.03,-0.09,1.02,1.83,-3.11,-3.60,1.34,0.43,-1.35,-4.97,-1.66,150.86,0.03,-0.09,1.02,1.83,-3.11,-3.60
-5.05,-1.65,150.83,0.03,-0.09,1.01,1.83,-3.11,-3.60,1.34,0.43,-1.35,-7.05,-3.65,148.83,-1.97,-2.09,-0.99,-0.17,-5.11,-5.60
-5.05,-1.65,150.83,0.03,-0.09,1.01,1.83,-3.11,-3.60,1.34,0.43,-1.35,-7.05,-3.65,148.83,-1.97,-2.09,-0.99,-0.17,-5.11,-5.60
-5.01,-1.57,150.80,0.03,-0.09,1.01,1.77,-3.17,-3.48,1.34,0.43,-1.35,-4.01,-0.57,151.80,1.03,0.91,2.01,2.77,-2.17,-2.48
-5.01,-1.57,150.80,0.03,-0.09,1.01,1.77,-3.17,-3.48,1.34,0.43,-1.35,-4.01,-0.57,151.80,1.03,0.91,2.01,2.77,-2.17,-2.48
-4.95,-1.51,150.77,0.03,-0.09,1.02,1.83,-3.17,-3.66,1.34,0.43,-1.35,-3.95,-0.51,151.77,1.03,0.91,2.02,2.83,-2.17,-2.66
-4.95,-1.51,150.77,0.03,-0.09,1.02,1.83,-3.17,-3.66,1.34,0.43,-1.35,-3.95,-0.51,151.77,1.03,0.91,2.02,2.83,-2.17,-2.66
-4.99,-1.63,150.74,0.03,-0.09,1.02,1.77,-3.05,-3.66,1.34,0.43,-1.35,-3.99,-0.63,151.74,1.03,0.91,2.02,2.77,-2.05,-2.66
-5.08,-1.65,150.71,0.03,-0.09,1.01,1.83,-3.17,-3.60,1.34,0.43,-1.35,-4.08,-0.65,151.71,1.03,0.91,2.01,2.83,-2.17,-2.60
-4.98,-1.62,150.67,0.03,-0.09,1.02,1.71,-3.17,-3.60,1.34,0.43,-1.35,-3.98,-0.62,151.67,1.03,0.91,2.02,2.71,-2.17,-2.60
-5.07,-1.67,150.65,0.03,-0.09,1.02,1.65,-3.17,-3.48,1.34,0.43,-1.36,-2.07,1.33,153.65,3.03,2.91,4.02,4.65,-0.17,-0.48
-5.01,-1.60,150.61,0.03,-0.09,1.02,1.77,-3.17,-3.54,1.34,0.43,-1.36,-2.01,1.40,153.61,3.03,2.91,4.02,4.77,-0.17,-0.54
-5.10,-1.59,150.59,0.03,-0.09,1.02,1.83,-3.17,-3.54,1.34,0.43,-1.36,-8.10,-4.59,147.59,-2.97,-3.09,-1.98,-1.17,-6.17,-6.54
-5.10,-1.59,150.59,0.03,-0.09,1.02,1.83,-3.17,-3.54,1.34,0.43,-1.36,-8.10,-4.59,147.59,-2.97,-3.09,-1.98,-1.17,-6.17,-6.54
-5.02,-1.72,150.55,0.03,-0.09,1.01,1.83,-3.23,-3.54,1.34,0.43,-1.36,-8.02,-4.72,147.55,-2.97,-3.09,-1.99,-1.17,-6.23,-6.54
-5.08,-1.83,150.52,0.03,-0.09,1.01,1.77,-3.17,-3.60,1.34,0.43,-1.36,-7.08,-3.83,148.52,-1.97,-2.09,-0.99,-0.23,-5.17,-5.60
-5.01,-1.76,150.49,0.03,-0.09,1.02,1.77,-3.05,-3.60,1.34,0.43,-1.36,-7.01,-3.76,148.49,-1.97,-2.09,-0.98,-0.23,-5.05,-5.60
-4.92,-1.71,150.46,0.03,-0.09,1.02,1.83,-3.11,-3.48,1.34,0.43,-1.36,-2.92,0.29,152.46,2.03,1.91,3.02,3.83,-1.11,-1.48
-5.01,-1.75,150.43,0.03,-0.09,1.02,1.77,-3.17,-3.48,1.34,0.43,-1.36,-3.01,0.25,152.43,2.03,1.91,3.02,3.77,-1.17,-1.48
-5.04,-1.69,150.40,0.03,-0.09,1.01,1.83,-3.23,-3.54,1.34,0.43,-1.36,-7.04,-3.69,148.40,-1.97,-2.09,-0.99,-0.17,-5.23,-5.54
-5.04,-1.69,150.40,0.03,-0.09,1.01,1.83,-3.23,-3.54,1.34,0.43,-1.36,-7.04,-3.69,148.40,-1.97,-2.09,-0.99,-0.17,-5.23,-5.54
-4.96,-1.62,150.37,0.03,-0.09,1.02,1.83,-3.05,-3.60,1.34,0.43,-1.36,-8.96,-5.62,146.37,-3.97,-4.09,-2.98,-2.17,-7.05,-7.60
-4.96,-1.62,150.37,0.03,-0.09,1.02,1.83,-3.05,-3.60,1.34,0.43,-1.36,-8.96,-5.62,146.37,-3.97,-4.09,-2.98,-2.17,-7.05,-7.60
-4.93,-1.55,150.33,0.03,-0.09,1.01,1.83,-3.23,-3.60,1.33,0.43,-1.35,-2.93,0.45,152.33,2.03,1.91,3.01,3.83,-1.23,-1.60
-5.01,-1.64,150.31,0.03,-0.09,1.01,1.65,-3.23,-3.60,1.33,0.43,-1.35,-3.01,0.36,152.31,2.03,1.91,3.01,3.65,-1.23,-1.60
-4.98,-1.78,150.27,0.03,-0.09,1.01,1.71,-3.17,-3.60,1.33,0.43,-1.35,-8.98,-5.78,146.27,-3.97,-4.09,-2.99,-2.29,-7.17,-7.60
-5.06,-1.76,150.24,0.03,-0.09,1.01,1.71,-3.17,-3.66,1.33,0.43,-1.35,-9.06,-5.76,146.24,-3.97,-4.09,-2.99,-2.29,-7.17,-7.66
-5.07,-1.69,150.21,0.03,-0.09,1.02,1.71,-3.17,-3.66,1.33,0.43,-1.35,-5.07,-1.69,150.21,0.03,-0.09,1.02,1.71,-3.17,-3.66
-5.07,-1.69,150.21,0.03,-0.09,1.02,1.71,-3.17,-3.66,1.33,0.43,-1.35,-5.07,-1.69,150.21,0.03,-0.09,1.02,1.71,-3.17,-3.66
-5.05,-1.61,150.18,0.03,-0.09,1.01,1.71,-3.17,-3.54,1.33,0.43,-1.35,-2.05,1.39,153.18,3.03,2.91,4.01,4.71,-0.17,-0.54
-5.05,-1.61,150.18,0.03,-0.09,1.01,1.71,-3.17,-3.54,1.33,0.43,-1.35,-2.05,1.39,153.18,3.03,2.91,4.01,4.71,-0.17,-0.54
-4.93,-1.63,150.15,0.03,-0.09,1.01,1.83,-3.17,-3.60,1.33,0.43,-1.35,-1.93,1.37,153.15,3.03,2.91,4.01,4.83,-0.17,-0.60
-4.94,-1.56,150.12,0.03,-0.09,1.02,1.77,-3.11,-3.54,1.33,0.43,-1.35,-6.94,-3.56,148.12,-1.97,-2.09,-0.98,-0.23,-5.11,-5.54
-4.94,-1.56,150.12,0.03,-0.09,1.02,1.77,-3.11,-3.54,1.33,0.43,-1.35,-6.94,-3.56,148.12,-1.97,-2.09,-0.98,-0.23,-5.11,-5.54
-5.03,-1.63,150.09,0.03,-0.09,1.02,1.77,-3.17,-3.60,1.33,0.43,-1.35,-9.03,-5.63,146.09,-3.97,-4.09,-2.98,-2.23,-7.17,-7.60
-5.03,-1.63,150.09,0.03,-0.09,1.02,1.77,-3.17,-3.60,1.33,0.43,-1.35,-9.03,-5.63,146.09,-3.97,-4.09,-2.98,-2.23,-7.17,-7.60
-5.05,-1.56,150.06,0.03,-0.09,1.01,1.83,-3.23,-3.54,1.33,0.43,-1.36,-2.05,1.44,153.06,3.03,2.91,4.01,4.83,-0.23,-0.54
-5.13,-1.64,150.03,0.03,-0.09,1.01,1.77,-3.05,-3.60,1.33,0.43,-1.36,-2.13,1.36,153.03,3.03,2.91,4.01,4.77,-0.05,-0.60
-5.02,-1.61,149.99,0.03,-0.09,1.02,1.77,-3.11,-3.60,1.33,0.43,-1.36,-7.02,-3.61,147.99,-1.97,-2.09,-0.98,-0.23,-5.11,-5.60
-4.89,-1.65,149.96,0.03,-0.09,1.02,1.89,-3.17,-3.60,1.33,0.43,-1.36,-6.89,-3.65,147.96,-1.97,-2.09,-0.98,-0.11,-5.17,-5.60
-4.99,-1.68,149.93,0.03,-0.09,1.02,1.77,-3.17,-3.54,1.33,0.43,-1.36,-2.99,0.32,151.93,2.03,1.91,3.02,3.77,-1.17,-1.54
-4.99,-1.68,149.93,0.03,-0.09,1.02,1.77,-3.17,-3.54,1.33,0.43,-1.36,-2.99,0.32,151.93,2.03,1.91,3.02,3.77,-1.17,-1.54
-5.04,-1.63,149.90,0.03,-0.09,1.02,1.77,-3.11,-3.54,1.33,0.43,-1.36,-6.04,-2.63,148.90,-0.97,-1.09,0.02,0.77,-4.11,-4.54
-5.13,-1.70,149.87,0.03,-0.09,1.01,1.71,-3.17,-3.54,1.33,0.43,-1.36,-6.13,-2.70,148.87,-0.97,-1.09,0.01,0.71,-4.17,-4.54
-5.02,-1.67,149.84,0.03,-0.09,1.01,1.77,-3.17,-3.54,1.33,0.43,-1.36,-8.02,-4.67,146.84,-2.97,-3.09,-1.99,-1.23,-6.17,-6.54
-5.11,-1.68,149.81,0.03,-0.09,1.01,1.71,-3.11,-3.54,1.33,0.43,-1.36,-8.11,-4.68,146.81,-2.97,-3.09,-1.99,-1.29,-6.11,-6.54
-4.98,-1.72,149.78,0.03,-0.09,1.02,1.77,-3.17,-3.60,1.33,0.43,-1.36,-2.98,0.28,151.78,2.03,1.91,3.02,3.77,-1.17,-1.60
-4.98,-1.72,149.78,0.03,-0.09,1.02,1.77,-3.17,-3.60,1.33,0.43,-1.36,-2.98,0.28,151.78,2.03,1.91,3.02,3.77,-1.17,-1.60
-5.06,-1.69,149.75,0.03,-0.09,1.02,1.83,-3.11,-3.54,1.33,0.43,-1.36,-9.06,-5.69,145.75,-3.97,-4.09,-2.98,-2.17,-7.11,-7.54
-5.06,-1.69,149.75,0.03,-0.09,1.02,1.83,-3.11,-3.54,1.33,0.43,-1.36,-9.06,-5.69,145.75,-3.97,-4.09,-2.98,-2.17,-7.11,-7.54
-4.98,-1.63,149.71,0.03,-0.09,1.01,1.77,-3.23,-3.54,1.33,0.43,-1.36,-4.98,-1.63,149.71,0.03,-0.09,1.01,1.77,-3.23,-3.54
-4.98,-1.63,149.71,0.03,-0.09,1.01,1.77,-3.23,-3.54,1.33,0.43,-1.36,-4.98,-1.63,149.71,0.03,-0.09,1.01,1.77,-3.23,-3.54
-5.03,-1.58,149.68,0.03,-0.09,1.01,1.77,-3.17,-3.54,1.33,0.43,-1.36,-5.03,-1.58,149.68,0.03,-0.09,1.01,1.77,-3.17,-3.54
-4.97,-1.51,149.65,0.03,-0.09,1.01,1.77,-3.17,-3.54,1.33,0.43,-1.36,-3.97,-0.51,150.65,1.03,0.91,2.01,2.77,-2.17,-2.54
-4.97,-1.51,149.65,0.03,-0.09,1.01,1.77,-3.17,-3.54,1.33,0.43,-1.36,-3.97,-0.51,150.65,1.03,0.91,2.01,2.77,-2.17,-2.54
-4.88,-1.46,149.62,0.03,-0.09,1.02,1.77,-3.17,-3.66,1.33,0.43,-1.36,-3.88,-0.46,150.62,1.03,0.91,2.02,2.77,-2.17,-2.66
-4.92,-1.59,149.59,0.03,-0.09,1.02,1.77,-3.11,-3.66,1.33,0.43,-1.36,-3.92,-0.59,150.59,1.03,0.91,2.02,2.77,-2.11,-2.66
-4.92,-1.59,149.59,0.03,-0.09,1.02,1.77,-3.11,-3.66,1.33,0.43,-1.36,-3.92,-0.59,150.59,1.03,0.91,2.02,2.77,-2.11,-2.66
-5.01,-1.64,149.56,0.03,-0.09,1.01,1.77,-3.23,-3.60,1.33,0.43,-1.36,-4.01,-0.64,150.56,1.03,0.91,2.01,2.77,-2.23,-2.60
-5.06,-1.76,149.53,0.03,-0.09,1.01,1.77,-3.17,-3.54,1.33,0.43,-1.36,-7.06,-3.76,147.53,-1.97,-2.09,-0.99,-0.23,-5.17,-5.54
-5.06,-1.76,149.53,0.03,-0.09,1.01,1.77,-3.17,-3.54,1.33,0.43,-1.36,-7.06,-3.76,147.53,-1.97,-2.09,-0.99,-0.23,-5.17,-5.54
-5.14,-1.76,149.50,0.03,-0.09,1.01,1.71,-3.17,-3.54,1.33,0.43,-1.36,-7.14,-3.76,147.50,-1.97,-2.09,-0.99,-0.29,-5.17,-5.54
-5.02,-1.75,149.47,0.03,-0.09,1.02,1.71,-3.05,-3.54,1.33,0.43,-1.36,-6.02,-2.75,148.47,-0.97,-1.09,0.02,0.71,-4.05,-4.54
-5.01,-1.68,149.44,0.03,-0.09,1.02,1.83,-3.17,-3.48,1.33,0.43,-1.36,-6.01,-2.68,148.44,-0.97,-1.09,0.02,0.83,-4.17,-4.48
-5.04,-1.61,149.41,0.03,-0.09,1.01,1.71,-3.17,-3.54,1.34,0.43,-1.36,-5.04,-1.61,149.41,0.03,-0.09,1.01,1.71,-3.17,-3.54
-4.96,-1.55,149.37,0.03,-0.09,1.01,1.77,-3.11,-3.54,1.34,0.43,-1.36,-4.96,-1.55,149.37,0.03,-0.09,1.01,1.77,-3.11,-3.54
-5.04,-1.64,149.34,0.03,-0.09,1.01,1.77,-3.17,-3.54,1.34,0.43,-1.36,-6.04,-2.64,148.34,-0.97,-1.09,0.01,0.77,-4.17,-4.54
-5.04,-1.64,149.34,0.03,-0.09,1.01,1.77,-3.17,-3.54,1.34,0.43,-1.36,-6.04,-2.64,148.34,-0.97,-1.09,0.01,0.77,-4.17,-4.54
-4.94,-1.60,149.31,0.03,-0.09,1.02,1.77,-3.11,-3.60,1.34,0.43,-1.36,-1.94,1.40,152.31,3.03,2.91,4.02,4.77,-0.11,-0.60
-4.94,-1.60,149.31,0.03,-0.09,1.02,1.77,-3.11,-3.60,1.34,0.43,-1.36,-1.94,1.40,152.31,3.03,2.91,4.02,4.77,-0.11,-0.60
-5.02,-1.69,149.28,0.03,-0.09,1.01,1.83,-3.17,-3.54,1.34,0.43,-1.36,-2.02,1.31,152.28,3.03,2.91,4.01,4.83,-0.17,-0.54
-4.91,-1.79,149.25,0.03,-0.09,1.01,1.83,-3.11,-3.54,1.34,0.43,-1.36,-5.91,-2.79,148.25,-0.97,-1.09,0.01,0.83,-4.11,-4.54
-4.91,-1.79,149.25,0.03,-0.09,1.01,1.83,-3.11,-3.54,1.34,0.43,-1.36,-5.91,-2.79,148.25,-0.97,-1.09,0.01,0.83,-4.11,-4.54
-4.98,-1.75,149.22,0.03,-0.09,1.01,1.71,-3.11,-3.54,1.34,0.43,-1.36,-5.98,-2.75,148.22,-0.97,-1.09,0.01,0.71,-4.11,-4.54
-5.04,-1.70,149.19,0.03,-0.09,1.01,1.89,-3.17,-3.54,1.34,0.43,-1.36,-4.04,-0.70,150.19,1.03,0.91,2.01,2.89,-2.17,-2.54
-5.04,-1.70,149.19,0.03,-0.09,1.01,1.89,-3.17,-3.54,1.34,0.43,-1.36,-4.04,-0.70,150.19,1.03,0.91,2.01,2.89,-2.17,-2.54
-5.00,-1.63,149.16,0.03,-0.09,1.01,1.83,-3.17,-3.54,1.34,0.43,-1.36,-4.00,-0.63,150.16,1.03,0.91,2.01,2.83,-2.17,-2.54
-5.03,-1.56,149.13,0.03,-0.09,1.02,1.77,-3.17,-3.60,1.34,0.43,-1.36,-9.03,-5.56,145.13,-3.97,-4.09,-2.98,-2.23,-7.17,-7.60
-4.92,-1.66,149.09,0.03,-0.09,1.02,1.83,-3.17,-3.60,1.34,0.43,-1.36,-8.92,-5.66,145.09,-3.97,-4.09,-2.98,-2.17,-7.17,-7.60
-5.01,-1.67,149.07,0.03,-0.09,1.02,1.83,-3.17,-3.54,1.33,0.43,-1.36,-7.01,-3.67,147.07,-1.97,-2.09,-0.98,-0.17,-5.17,-5.54
-5.09,-1.65,149.04,0.03,-0.09,1.02,1.83,-3.11,-3.54,1.33,0.43,-1.36,-7.09,-3.65,147.04,-1.97,-2.09,-0.98,-0.17,-5.11,-5.54
-5.15,-1.76,149.01,0.03,-0.09,1.01,1.77,-3.11,-3.48,1.33,0.43,-1.36,-3.15,0.24,151.01,2.03,1.91,3.01,3.77,-1.11,-1.48
-5.15,-1.76,149.01,0.03,-0.09,1.01,1.77,-3.11,-3.48,1.33,0.43,-1.36,-3.15,0.24,151.01,2.03,1.91,3.01,3.77,-1.11,-1.48
-5.04,-1.73,148.97,0.03,-0.09,1.01,1.77,-3.23,-3.66,1.33,0.43,-1.36,-3.04,0.27,150.97,2.03,1.91,3.01,3.77,-1.23,-1.66
-5.03,-1.66,148.94,0.03,-0.09,1.01,1.89,-3.17,-3.60,1.33,0.43,-1.36,-5.03,-1.66,148.94,0.03,-0.09,1.01,1.89,-3.17,-3.60
-5.03,-1.66,148.94,0.03,-0.09,1.01,1.89,-3.17,-3.60,1.33,0.43,-1.36,-5.03,-1.66,148.94,0.03,-0.09,1.01,1.89,-3.17,-3.60
-4.90,-1.71,148.91,0.03,-0.09,1.02,1.83,-3.17,-3.54,1.33,0.43,-1.36,-5.90,-2.71,147.91,-0.97,-1.09,0.02,0.83,-4.17,-4.54
-4.90,-1.71,148.91,0.03,-0.09,1.02,1.83,-3.17,-3.54,1.33,0.43,-1.36,-5.90,-2.71,147.91,-0.97,-1.09,0.02,0.83,-4.17,-4.54
-4.98,-1.69,148.88,0.03,-0.09,1.02,1.83,-3.05,-3.54,1.33,0.43,-1.36,-5.98,-2.69,147.88,-0.97,-1.09,0.02,0.83,-4.05,-4.54
-5.07,-1.70,148.85,0.03,-0.09,1.02,1.83,-3.11,-3.54,1.33,0.43,-1.36,-2.07,1.30,151.85,3.03,2.91,4.02,4.83,-0.11,-0.54
-5.07,-1.70,148.85,0.03,-0.09,1.02,1.83,-3.11,-3.54,1.33,0.43,-1.36,-2.07,1.30,151.85,3.03,2.91,4.02,4.83,-0.11,-0.54
-5.02,-1.62,148.82,0.03,-0.09,1.01,1.83,-3.17,-3.60,1.33,0.43,-1.36,-2.02,1.38,151.82,3.03,2.91,4.01,4.83,-0.17,-0.60
-5.11,-1.63,148.79,0.03,-0.09,1.01,1.83,-3.17,-3.54,1.33,0.43,-1.36,-2.11,1.37,151.79,3.03,2.91,4.01,4.83,-0.17,-0.54
-5.11,-1.63,148.79,0.03,-0.09,1.01,1.83,-3.17,-3.54,1.33,0.43,-1.36,-2.11,1.37,151.79,3.03,2.91,4.01,4.83,-0.17,-0.54
-4.99,-1.68,148.75,0.03,-0.09,1.02,1.71,-3.17,-3.60,1.34,0.43,-1.36,-8.99,-5.68,144.75,-3.97,-4.09,-2.98,-2.29,-7.17,-7.60
-5.06,-1.77,148.73,0.03,-0.09,1.02,1.77,-3.23,-3.60,1.34,0.43,-1.36,-9.06,-5.77,144.73,-3.97,-4.09,-2.98,-2.23,-7.23,-7.60
-5.03,-1.70,148.69,0.03,-0.09,1.02,1.77,-3.23,-3.60,1.34,0.43,-1.36,-2.03,1.30,151.69,3.03,2.91,4.02,4.77,-0.23,-0.60
-5.12,-1.77,148.67,0.03,-0.09,1.02,1.77,-3.11,-3.48,1.34,0.43,-1.36,-2.12,1.23,151.67,3.03,2.91,4.02,4.77,-0.11,-0.48
-5.06,-1.70,148.63,0.03,-0.09,1.01,1.77,-3.05,-3.60,1.34,0.43,-1.36,-5.06,-1.70,148.63,0.03,-0.09,1.01,1.77,-3.05,-3.60
-5.00,-1.63,148.60,0.03,-0.09,1.01,1.77,-3.11,-3.60,1.34,0.43,-1.36,-5.00,-1.63,148.60,0.03,-0.09,1.01,1.77,-3.11,-3.60
-4.97,-1.55,148.57,0.03,-0.09,1.02,1.71,-3.11,-3.54,1.34,0.43,-1.36,-5.97,-2.55,147.57,-0.97,-1.09,0.02,0.71,-4.11,-4.54
-5.00,-1.68,148.54,0.03,-0.09,1.01,1.77,-3.23,-3.48,1.34,0.43,-1.36,-6.00,-2.68,147.54,-0.97,-1.09,0.01,0.77,-4.23,-4.48
-4.98,-1.61,148.51,0.03,-0.09,1.02,1.71,-3.17,-3.60,1.34,0.43,-1.36,-5.98,-2.61,147.51,-0.97,-1.09,0.02,0.71,-4.17,-4.60
-4.93,-1.53,148.47,0.03,-0.09,1.02,1.77,-3.17,-3.60,1.34,0.43,-1.36,-5.93,-2.53,147.47,-0.97,-1.09,0.02,0.77,-4.17,-4.60
-4.96,-1.67,148.44,0.03,-0.09,1.01,1.77,-3.17,-3.60,1.34,0.43,-1.36,-7.96,-4.67,145.44,-2.97,-3.09,-1.99,-1.23,-6.17,-6.60
-5.05,-1.72,148.42,0.03,-0.09,1.02,1.77,-3.11,-3.60,1.34,0.43,-1.36,-8.05,-4.72,145.42,-2.97,-3.09,-1.98,-1.23,-6.11,-6.60
-4.96,-1.84,148.38,0.03,-0.09,1.01,1.77,-3.11,-3.60,1.33,0.43,-1.36,-7.96,-4.84,145.38,-2.97,-3.09,-1.99,-1.23,-6.11,-6.60
-5.04,-1.83,148.35,0.03,-0.09,1.01,1.83,-3.11,-3.66,1.33,0.43,-1.36,-8.04,-4.83,145.35,-2.97,-3.09,-1.99,-1.17,-6.11,-6.66
-5.09,-1.78,148.32,0.03,-0.09,1.01,1.83,-3.17,-3.48,1.33,0.43,-1.36,-6.09,-2.78,147.32,-0.97,-1.09,0.01,0.83,-4.17,-4.48
-5.09,-1.78,148.32,0.03,-0.09,1.01,1.83,-3.17,-3.48,1.33,0.43,-1.36,-6.09,-2.78,147.32,-0.97,-1.09,0.01,0.83,-4.17,-4.48
-5.08,-1.70,148.29,0.03,-0.09,1.01,1.89,-3.17,-3.60,1.33,0.43,-1.36,-6.08,-2.70,147.29,-0.97,-1.09,0.01,0.89,-4.17,-4.60
-5.06,-1.62,148.26,0.03,-0.09,1.02,1.71,-3.11,-3.54,1.33,0.43,-1.36,-6.06,-2.62,147.26,-0.97,-1.09,0.02,0.71,-4.11,-4.54
-4.96,-1.73,148.23,0.03,-0.09,1.02,1.71,-3.05,-3.48,1.33,0.43,-1.36,-5.96,-2.73,147.23,-0.97,-1.09,0.02,0.71,-4.05,-4.48
-5.03,-1.70,148.20,0.03,-0.09,1.02,1.77,-3.17,-3.54,1.33,0.43,-1.36,-9.03,-5.70,144.20,-3.97,-4.09,-2.98,-2.23,-7.17,-7.54
-4.96,-1.64,148.17,0.03,-0.09,1.01,1.83,-3.17,-3.60,1.33,0.43,-1.36,-8.96,-5.64,144.17,-3.97,-4.09,-2.99,-2.17,-7.17,-7.60
-5.05,-1.63,148.14,0.03,-0.09,1.01,1.77,-3.17,-3.54,1.33,0.43,-1.36,-9.05,-5.63,144.14,-3.97,-4.09,-2.99,-2.23,-7.17,-7.54
-4.96,-1.58,148.10,0.03,-0.09,1.01,1.77,-3.11,-3.60,1.33,0.43,-1.36,-8.96,-5.58,144.10,-3.97,-4.09,-2.99,-2.23,-7.11,-7.60
-5.02,-1.53,148.07,0.03,-0.09,1.02,1.77,-3.11,-3.60,1.33,0.43,-1.36,-9.02,-5.53,144.07,-3.97,-4.09,-2.98,-2.23,-7.11,-7.60
-4.98,-1.68,148.04,0.03,-0.09,1.02,1.83,-3.23,-3.54,1.33,0.43,-1.36,-8.98,-5.68,144.04,-3.97,-4.09,-2.98,-2.17,-7.23,-7.54
-5.04,-1.63,148.01,0.03,-0.09,1.02,1.77,-3.17,-3.66,1.33,0.43,-1.36,-3.04,0.37,150.01,2.03,1.91,3.02,3.77,-1.17,-1.66
-4.98,-1.57,147.98,0.03,-0.09,1.01,1.71,-3.05,-3.60,1.33,0.43,-1.36,-2.98,0.43,149.98,2.03,1.91,3.01,3.71,-1.05,-1.60
-4.96,-1.71,147.95,0.03,-0.09,1.02,1.71,-3.11,-3.66,1.33,0.43,-1.36,-7.96,-4.71,144.95,-2.97,-3.09,-1.98,-1.29,-6.11,-6.66
-4.96,-1.71,147.95,0.03,-0.09,1.02,1.71,-3.11,-3.66,1.33,0.43,-1.36,-7.96,-4.71,144.95,-2.97,-3.09,-1.98,-1.29,-6.11,-6.66
-5.02,-1.67,147.92,0.03,-0.09,1.02,1.77,-3.17,-3.66,1.33,0.43,-1.36,-2.02,1.33,150.92,3.03,2.91,4.02,4.77,-0.17,-0.66
-5.02,-1.67,147.92,0.03,-0.09,1.02,1.77,-3.17,-3.66,1.33,0.43,-1.36,-2.02,1.33,150.92,3.03,2.91,4.02,4.77,-0.17,-0.66
-5.11,-1.69,147.89,0.03,-0.09,1.01,1.77,-3.11,-3.60,1.33,0.43,-1.36,-2.11,1.31,150.89,3.03,2.91,4.01,4.77,-0.11,-0.60
-5.05,-1.82,147.85,0.03,-0.09,1.01,1.77,-3.17,-3.60,1.33,0.43,-1.36,-6.05,-2.82,146.85,-0.97,-1.09,0.01,0.77,-4.17,-4.60
-5.05,-1.82,147.85,0.03,-0.09,1.01,1.77,-3.17,-3.60,1.33,0.43,-1.36,-6.05,-2.82,146.85,-0.97,-1.09,0.01,0.77,-4.17,-4.60
-5.08,-1.76,147.82,0.03,-0.09,1.02,1.77,-3.23,-3.60,1.33,0.43,-1.36,-6.08,-2.76,146.82,-0.97,-1.09,0.02,0.77,-4.23,-4.60
-5.10,-1.69,147.79,0.03,-0.09,1.02,1.71,-3.11,-3.54,1.33,0.43,-1.36,-5.10,-1.69,147.79,0.03,-0.09,1.02,1.71,-3.11,-3.54
-5.10,-1.69,147.79,0.03,-0.09,1.02,1.71,-3.11,-3.54,1.33,0.43,-1.36,-5.10,-1.69,147.79,0.03,-0.09,1.02,1.71,-3.11,-3.54
-4.97,-1.69,147.76,0.03,-0.09,1.02,1.83,-3.11,-3.60,1.33,0.43,-1.36,-4.97,-1.69,147.76,0.03,-0.09,1.02,1.83,-3.11,-3.60
-5.01,-1.62,147.73,0.03,-0.09,1.02,1.77,-3.05,-3.48,1.33,0.43,-1.36,-9.01,-5.62,143.73,-3.97,-4.09,-2.98,-2.23,-7.05,-7.48
-5.01,-1.62,147.73,0.03,-0.09,1.02,1.77,-3.05,-3.48,1.33,0.43,-1.36,-9.01,-5.62,143.73,-3.97,-4.09,-2.98,-2.23,-7.05,-7.48
-4.89,-1.70,147.70,0.03,-0.09,1.01,1.77,-3.17,-3.48,1.33,0.43,-1.36,-8.89,-5.70,143.70,-3.97,-4.09,-2.99,-2.23,-7.17,-7.48
-4.91,-1.63,147.66,0.03,-0.09,1.01,1.83,-3.23,-3.54,1.33,0.43,-1.36,-3.91,-0.63,148.66,1.03,0.91,2.01,2.83,-2.23,-2.54
-4.95,-1.57,147.64,0.03,-0.09,1.02,1.77,-3.17,-3.48,1.33,0.43,-1.36,-3.95,-0.57,148.64,1.03,0.91,2.02,2.77,-2.17,-2.48
-4.87,-1.51,147.60,0.03,-0.09,1.02,1.83,-3.17,-3.60,1.33,0.43,-1.36,-6.87,-3.51,145.60,-1.97,-2.09,-0.98,-0.17,-5.17,-5.60
-4.96,-1.58,147.57,0.03,-0.09,1.02,1.71,-3.17,-3.60,1.33,0.43,-1.36,-6.96,-3.58,145.57,-1.97,-2.09,-0.98,-0.29,-5.17,-5.60
-5.05,-1.61,147.54,0.03,-0.09,1.01,1.77,-3.17,-3.66,1.33,0.43,-1.36,-9.05,-5.61,143.54,-3.97,-4.09,-2.99,-2.23,-7.17,-7.66
-5.05,-1.61,147.54,0.03,-0.09,1.01,1.77,-3.17,-3.66,1.33,0.43,-1.36,-9.05,-5.61,143.54,-3.97,-4.09,-2.99,-2.23,-7.17,-7.66
-4.98,-1.74,147.51,0.03,-0.09,1.01,1.71,-3.05,-3.66,1.33,0.43,-1.36,-2.98,0.26,149.51,2.03,1.91,3.01,3.71,-1.05,-1.66
-4.98,-1.74,147.51,0.03,-0.09,1.01,1.71,-3.05,-3.66,1.33,0.43,-1.36,-2.98,0.26,149.51,2.03,1.91,3.01,3.71,-1.05,-1.66
-5.07,-1.74,147.48,0.03,-0.09,1.02,1.77,-3.11,-3.60,1.33,0.43,-1.36,-3.07,0.26,149.48,2.03,1.91,3.02,3.77,-1.11,-1.60
-5.15,-1.82,147.45,0.03,-0.09,1.02,1.77,-3.17,-3.60,1.33,0.43,-1.36,-4.15,-0.82,148.45,1.03,0.91,2.02,2.77,-2.17,-2.60
-5.05,-1.78,147.42,0.03,-0.09,1.02,1.77,-3.11,-3.60,1.33,0.43,-1.36,-4.05,-0.78,148.42,1.03,0.91,2.02,2.77,-2.11,-2.60
-5.14,-1.82,147.39,0.03,-0.09,1.01,1.71,-3.11,-3.54,1.33,0.43,-1.36,-3.14,0.18,149.39,2.03,1.91,3.01,3.71,-1.11,-1.54
-5.03,-1.79,147.36,0.03,-0.09,1.02,1.83,-3.11,-3.60,1.33,0.43,-1.36,-3.03,0.21,149.36,2.03,1.91,3.02,3.83,-1.11,-1.60
-5.10,-1.75,147.33,0.03,-0.09,1.01,1.77,-3.17,-3.48,1.33,0.43,-1.36,-4.10,-0.75,148.33,1.03,0.91,2.01,2.77,-2.17,-2.48
-5.10,-1.75,147.33,0.03,-0.09,1.01,1.77,-3.17,-3.48,1.33,0.43,-1.36,-4.10,-0.75,148.33,1.03,0.91,2.01,2.77,-2.17,-2.48
-4.99,-1.72,147.29,0.03,-0.09,1.01,1.77,-3.23,-3.48,1.33,0.43,-1.36,-4.99,-1.72,147.29,0.03,-0.09,1.01,1.77,-3.23,-3.48
-4.99,-1.72,147.29,0.03,-0.09,1.01,1.77,-3.23,-3.48,1.33,0.43,-1.36,-4.99,-1.72,147.29,0.03,-0.09,1.01,1.77,-3.23,-3.48
-4.97,-1.64,147.26,0.03,-0.09,1.01,1.77,-3.17,-3.60,1.33,0.43,-1.36,-6.97,-3.64,145.26,-1.97,-2.09,-0.99,-0.23,-5.17,-5.60
-4.97,-1.64,147.26,0.03,-0.09,1.01,1.77,-3.17,-3.60,1.33,0.43,-1.36,-6.97,-3.64,145.26,-1.97,-2.09,-0.99,-0.23,-5.17,-5.60
-4.97,-1.57,147.23,0.02,-0.09,1.02,1.71,-3.23,-3.60,1.33,0.43,-1.36,-1.97,1.43,150.23,3.02,2.91,4.02,4.71,-0.23,-0.60
-4.97,-1.57,147.23,0.02,-0.09,1.02,1.71,-3.23,-3.60,1.33,0.43,-1.36,-1.97,1.43,150.23,3.02,2.91,4.02,4.71,-0.23,-0.60
-4.91,-1.50,147.20,0.03,-0.09,1.02,1.77,-3.17,-3.60,1.33,0.43,-1.36,-1.91,1.50,150.20,3.03,2.91,4.02,4.77,-0.17,-0.60
-4.86,-1.43,147.17,0.03,-0.09,1.01,1.77,-3.05,-3.60,1.33,0.43,-1.36,-7.86,-4.43,144.17,-2.97,-3.09,-1.99,-1.23,-6.05,-6.60
-4.86,-1.43,147.17,0.03,-0.09,1.01,1.77,-3.05,-3.60,1.33,0.43,-1.36,-7.86,-4.43,144.17,-2.97,-3.09,-1.99,-1.23,-6.05,-6.60
-4.94,-1.52,147.14,0.03,-0.09,1.02,1.71,-3.11,-3.66,1.33,0.43,-1.36,-7.94,-4.52,144.14,-2.97,-3.09,-1.98,-1.29,-6.11,-6.66
-4.94,-1.52,147.14,0.03,-0.09,1.02,1.71,-3.11,-3.66,1.33,0.43,-1.36,-7.94,-4.52,144.14,-2.97,-3.09,-1.98,-1.29,-6.11,-6.66
-4.98,-1.65,147.10,0.03,-0.09,1.02,1.77,-3.11,-3.66,1.33,0.43,-1.36,-7.98,-4.65,144.10,-2.97,-3.09,-1.98,-1.23,-6.11,-6.66
-5.03,-1.76,147.07,0.03,-0.09,1.02,1.71,-3.23,-3.60,1.34,0.43,-1.36,-4.03,-0.76,148.07,1.03,0.91,2.02,2.71,-2.23,-2.60
-5.07,-1.89,147.04,0.03,-0.09,1.01,1.77,-3.17,-3.60,1.34,0.43,-1.36,-4.07,-0.89,148.04,1.03,0.91,2.01,2.77,-2.17,-2.60
-5.15,-1.89,147.02,0.03,-0.09,1.01,1.77,-3.11,-3.60,1.34,0.43,-1.36,-8.15,-4.89,144.02,-2.97,-3.09,-1.99,-1.23,-6.11,-6.60
-5.08,-1.83,146.98,0.03,-0.09,1.01,1.77,-3.17,-3.54,1.34,0.43,-1.36,-8.08,-4.83,143.98,-2.97,-3.09,-1.99,-1.23,-6.17,-6.54
-5.01,-1.77,146.95,0.03,-0.09,1.01,1.83,-3.17,-3.54,1.34,0.43,-1.36,-9.01,-5.77,142.95,-3.97,-4.09,-2.99,-2.17,-7.17,-7.54
-5.01,-1.69,146.92,0.03,-0.09,1.01,1.71,-3.23,-3.54,1.34,0.43,-1.36,-9.01,-5.69,142.92,-3.97,-4.09,-2.99,-2.29,-7.23,-7.54
-5.01,-1.61,146.89,0.03,-0.09,1.02,1.83,-3.11,-3.54,1.34,0.43,-1.36,-5.01,-1.61,146.89,0.03,-0.09,1.02,1.83,-3.11,-3.54
-4.96,-1.54,146.86,0.03,-0.09,1.02,1.71,-3.17,-3.54,1.34,0.43,-1.36,-4.96,-1.54,146.86,0.03,-0.09,1.02,1.71,-3.17,-3.54
-4.93,-1.46,146.82,0.03,-0.09,1.02,1.77,-3.05,-3.60,1.34,0.43,-1.36,-1.93,1.54,149.82,3.03,2.91,4.02,4.77,-0.05,-0.60
-4.93,-1.46,146.82,0.03,-0.09,1.02,1.77,-3.05,-3.60,1.34,0.43,-1.36,-1.93,1.54,149.82,3.03,2.91,4.02,4.77,-0.05,-0.60
-4.95,-1.39,146.79,0.03,-0.09,1.02,1.71,-3.11,-3.54,1.34,0.43,-1.36,-1.95,1.61,149.79,3.03,2.91,4.02,4.71,-0.11,-0.54
-4.82,-1.45,146.76,0.02,-0.09,1.02,1.77,-3.17,-3.54,1.34,0.43,-1.36,-3.82,-0.45,147.76,1.02,0.91,2.02,2.77,-2.17,-2.54
-4.82,-1.45,146.76,0.02,-0.09,1.02,1.77,-3.17,-3.54,1.34,0.43,-1.36,-3.82,-0.45,147.76,1.02,0.91,2.02,2.77,-2.17,-2.54
-4.91,-1.51,146.73,0.03,-0.09,1.01,1.77,-3.17,-3.72,1.34,0.43,-1.36,-3.91,-0.51,147.73,1.03,0.91,2.01,2.77,-2.17,-2.72
-4.91,-1.51,146.73,0.03,-0.09,1.01,1.77,-3.17,-3.72,1.34,0.43,-1.36,-3.91,-0.51,147.73,1.03,0.91,2.01,2.77,-2.17,-2.72
-4.97,-1.62,146.70,0.03,-0.09,1.02,1.83,-3.17,-3.66,1.34,0.43,-1.36,-1.97,1.38,149.70,3.03,2.91,4.02,4.83,-0.17,-0.66
-4.97,-1.62,146.70,0.03,-0.09,1.02,1.83,-3.17,-3.66,1.34,0.43,-1.36,-1.97,1.38,149.70,3.03,2.91,4.02,4.83,-0.17,-0.66
-5.05,-1.69,146.67,0.03,-0.09,1.02,1.77,-3.11,-3.60,1.34,0.43,-1.36,-2.05,1.31,149.67,3.03,2.91,4.02,4.77,-0.11,-0.60
-5.11,-1.81,146.64,0.03,-0.09,1.02,1.71,-3.11,-3.66,1.34,0.43,-1.36,-8.11,-4.81,143.64,-2.97,-3.09,-1.98,-1.29,-6.11,-6.66
-5.05,-1.94,146.61,0.03,-0.09,1.01,1.77,-3.05,-3.60,1.34,0.43,-1.36,-8.05,-4.94,143.61,-2.97,-3.09,-1.99,-1.23,-6.05,-6.60
-5.13,-1.93,146.58,0.03,-0.09,1.01,1.77,-3.11,-3.60,1.34,0.43,-1.36,-4.13,-0.93,147.58,1.03,0.91,2.01,2.77,-2.11,-2.60
-5.14,-1.86,146.55,0.03,-0.09,1.01,1.71,-3.11,-3.66,1.34,0.43,-1.36,-4.14,-0.86,147.55,1.03,0.91,2.01,2.71,-2.11,-2.66
-5.06,-1.79,146.51,0.03,-0.09,1.01,1.71,-3.17,-3.54,1.34,0.43,-1.36,-5.06,-1.79,146.51,0.03,-0.09,1.01,1.71,-3.17,-3.54
-5.06,-1.79,146.51,0.03,-0.09,1.01,1.71,-3.17,-3.54,1.34,0.43,-1.36,-5.06,-1.79,146.51,0.03,-0.09,1.01,1.71,-3.17,-3.54
-4.99,-1.74,146.48,0.03,-0.09,1.02,1.83,-3.17,-3.54,1.34,0.43,-1.36,-4.99,-1.74,146.48,0.03,-0.09,1.02,1.83,-3.17,-3.54
-4.96,-1.66,146.45,0.03,-0.09,1.01,1.83,-3.17,-3.48,1.34,0.43,-1.36,-8.96,-5.66,142.45,-3.97,-4.09,-2.99,-2.17,-7.17,-7.48
-4.96,-1.66,146.45,0.03,-0.09,1.01,1.83,-3.17,-3.48,1.34,0.43,-1.36,-8.96,-5.66,142.45,-3.97,-4.09,-2.99,-2.17,-7.17,-7.48
-4.98,-1.59,146.42,0.03,-0.09,1.02,1.71,-3.11,-3.60,1.33,0.43,-1.36,-5.98,-2.59,145.42,-0.97,-1.09,0.02,0.71,-4.11,-4.60
-4.98,-1.59,146.42,0.03,-0.09,1.02,1.71,-3.11,-3.60,1.33,0.43,-1.36,-5.98,-2.59,145.42,-0.97,-1.09,0.02,0.71,-4.11,-4.60
-4.98,-1.52,146.39,0.03,-0.09,1.01,1.83,-3.17,-3.60,1.33,0.43,-1.36,-1.98,1.48,149.39,3.03,2.91,4.01,4.83,-0.17,-0.60
-4.98,-1.52,146.39,0.03,-0.09,1.01,1.83,-3.17,-3.60,1.33,0.43,-1.36,-1.98,1.48,149.39,3.03,2.91,4.01,4.83,-0.17,-0.60
-4.89,-1.47,146.35,0.03,-0.09,1.01,1.89,-3.05,-3.66,1.33,0.43,-1.36,-1.89,1.53,149.35,3.03,2.91,4.01,4.89,-0.05,-0.66
-4.96,-1.57,146.32,0.03,-0.09,1.01,1.77,-3.17,-3.66,1.33,0.43,-1.36,-3.96,-0.57,147.32,1.03,0.91,2.01,2.77,-2.17,-2.66
-4.96,-1.57,146.32,0.03,-0.09,1.01,1.77,-3.17,-3.66,1.33,0.43,-1.36,-3.96,-0.57,147.32,1.03,0.91,2.01,2.77,-2.17,-2.66
-5.01,-1.68,146.29,0.03,-0.09,1.02,1.77,-3.11,-3.60,1.33,0.43,-1.36,-6.01,-2.68,145.29,-0.97,-1.09,0.02,0.77,-4.11,-4.60
-5.01,-1.68,146.29,0.03,-0.09,1.02,1.77,-3.11,-3.60,1.33,0.43,-1.36,-6.01,-2.68,145.29,-0.97,-1.09,0.02,0.77,-4.11,-4.60
-5.08,-1.78,146.26,0.03,-0.09,1.02,1.65,-3.17,-3.54,1.33,0.43,-1.36,-6.08,-2.78,145.26,-0.97,-1.09,0.02,0.65,-4.17,-4.54
-5.01,-1.92,146.23,0.03,-0.09,1.01,1.83,-3.17,-3.54,1.33,0.43,-1.36,-9.01,-5.92,142.23,-3.97,-4.09,-2.99,-2.17,-7.17,-7.54
-5.06,-1.86,146.20,0.03,-0.09,1.01,1.77,-3.11,-3.48,1.33,0.43,-1.36,-9.06,-5.86,142.20,-3.97,-4.09,-2.99,-2.23,-7.11,-7.48
-5.13,-1.82,146.17,0.03,-0.09,1.02,1.77,-3.17,-3.54,1.33,0.43,-1.36,-8.13,-4.82,143.17,-2.97,-3.09,-1.98,-1.23,-6.17,-6.54
-5.08,-1.75,146.14,0.03,-0.09,1.01,1.83,-3.11,-3.54,1.33,0.43,-1.36,-8.08,-4.75,143.14,-2.97,-3.09,-1.99,-1.17,-6.11,-6.54
-4.96,-1.75,146.11,0.03,-0.09,1.02,1.83,-3.11,-3.48,1.33,0.43,-1.36,-8.96,-5.75,142.11,-3.97,-4.09,-2.98,-2.17,-7.11,-7.48
-4.96,-1.75,146.11,0.03,-0.09,1.02,1.83,-3.11,-3.48,1.33,0.43,-1.36,-8.96,-5.75,142.11,-3.97,-4.09,-2.98,-2.17,-7.11,-7.48
-4.92,-1.67,146.08,0.03,-0.09,1.01,1.83,-3.11,-3.48,1.33,0.43,-1.36,-6.92,-3.67,144.08,-1.97,-2.09,-0.99,-0.17,-5.11,-5.48
-4.90,-1.60,146.05,0.03,-0.09,1.01,1.77,-3.11,-3.54,1.33,0.43,-1.36,-6.90,-3.60,144.05,-1.97,-2.09,-0.99,-0.23,-5.11,-5.54
-4.94,-1.53,146.02,0.02,-0.09,1.02,1.77,-3.11,-3.54,1.33,0.43,-1.36,-1.94,1.47,149.02,3.02,2.91,4.02,4.77,-0.11,-0.54
-4.92,-1.46,145.98,0.03,-0.09,1.02,1.77,-3.17,-3.54,1.33,0.43,-1.36,-1.92,1.54,148.98,3.03,2.91,4.02,4.77,-0.17,-0.54
-4.99,-1.42,145.95,0.03,-0.09,1.02,1.71,-3.17,-3.60,1.33,0.43,-1.36,-3.99,-0.42,146.95,1.03,0.91,2.02,2.71,-2.17,-2.60
-4.99,-1.42,145.95,0.03,-0.09,1.02,1.71,-3.17,-3.60,1.33,0.43,-1.36,-3.99,-0.42,146.95,1.03,0.91,2.02,2.71,-2.17,-2.60
-5.01,-1.56,145.92,0.03,-0.09,1.01,1.83,-3.11,-3.66,1.33,0.43,-1.36,-4.01,-0.56,146.92,1.03,0.91,2.01,2.83,-2.11,-2.66
-5.01,-1.56,145.92,0.03,-0.09,1.01,1.83,-3.11,-3.66,1.33,0.43,-1.36,-4.01,-0.56,146.92,1.03,0.91,2.01,2.83,-2.11,-2.66
-5.04,-1.69,145.89,0.03,-0.09,1.02,1.71,-3.23,-3.54,1.33,0.43,-1.36,-4.04,-0.69,146.89,1.03,0.91,2.02,2.71,-2.23,-2.54
-4.98,-1.82,145.86,0.03,-0.09,1.01,1.71,-3.05,-3.60,1.33,0.43,-1.36,-4.98,-1.82,145.86,0.03,-0.09,1.01,1.71,-3.05,-3.60
-5.07,-1.88,145.83,0.03,-0.09,1.01,1.77,-3.11,-3.66,1.33,0.43,-1.36,-5.07,-1.88,145.83,0.03,-0.09,1.01,1.77,-3.11,-3.66
-5.06,-1.81,145.80,0.03,-0.09,1.02,1.77,-3.17,-3.60,1.33,0.43,-1.36,-8.06,-4.81,142.80,-2.97,-3.09,-1.98,-1.23,-6.17,-6.60
-5.14,-1.89,145.77,0.03,-0.09,1.01,1.77,-3.11,-3.60,1.33,0.43,-1.36,-8.14,-4.89,142.77,-2.97,-3.09,-1.99,-1.23,-6.11,-6.60
-5.03,-1.86,145.74,0.03,-0.09,1.02,1.77,-3.17,-3.60,1.33,0.43,-1.36,-2.03,1.14,148.74,3.03,2.91,4.02,4.77,-0.17,-0.60
-5.12,-1.85,145.71,0.03,-0.09,1.02,1.71,-3.11,-3.48,1.33,0.43,-1.36,-2.12,1.15,148.71,3.03,2.91,4.02,4.71,-0.11,-0.48
-5.04,-1.79,145.68,0.03,-0.09,1.01,1.83,-3.05,-3.48,1.33,0.43,-1.36,-8.04,-4.79,142.68,-2.97,-3.09,-1.99,-1.17,-6.05,-6.48
-5.06,-1.72,145.65,0.03,-0.09,1.01,1.83,-3.11,-3.48,1.33,0.43,-1.36,-8.06,-4.72,142.65,-2.97,-3.09,-1.99,-1.17,-6.11,-6.48
-4.99,-1.66,145.61,0.03,-0.09,1.01,1.77,-3.17,-3.48,1.33,0.43,-1.36,-4.99,-1.66,145.61,0.03,-0.09,1.01,1.77,-3.17,-3.48
-4.99,-1.66,145.61,0.03,-0.09,1.01,1.77,-3.17,-3.48,1.33,0.43,-1.36,-4.99,-1.66,145.61,0.03,-0.09,1.01,1.77,-3.17,-3.48
-4.96,-1.58,145.58,0.02,-0.09,1.02,1.83,-3.23,-3.60,1.33,0.43,-1.36,-6.96,-3.58,143.58,-1.98,-2.09,-0.98,-0.17,-5.23,-5.60
-4.96,-1.58,145.58,0.02,-0.09,1.02,1.83,-3.23,-3.60,1.33,0.43,-1.36,-6.96,-3.58,143.58,-1.98,-2.09,-0.98,-0.17,-5.23,-5.60
-4.88,-1.52,145.55,0.03,-0.09,1.02,1.83,-3.05,-3.54,1.33,0.43,-1.36,-8.88,-5.52,141.55,-3.97,-4.09,-2.98,-2.17,-7.05,-7.54
-4.88,-1.52,145.55,0.03,-0.09,1.02,1.83,-3.05,-3.54,1.33,0.43,-1.36,-8.88,-5.52,141.55,-3.97,-4.09,-2.98,-2.17,-7.05,-7.54
-4.98,-1.58,145.52,0.03,-0.09,1.01,1.77,-3.17,-3.66,1.33,0.43,-1.36,-8.98,-5.58,141.52,-3.97,-4.09,-2.99,-2.23,-7.17,-7.66
-5.03,-1.70,145.49,0.03,-0.09,1.01,1.71,-3.17,-3.60,1.33,0.43,-1.36,-6.03,-2.70,144.49,-0.97,-1.09,0.01,0.71,-4.17,-4.60
-5.09,-1.80,145.46,0.03,-0.09,1.02,1.71,-3.17,-3.60,1.33,0.43,-1.36,-6.09,-2.80,144.46,-0.97,-1.09,0.02,0.71,-4.17,-4.60
-4.98,-1.78,145.43,0.03,-0.09,1.02,1.71,-3.17,-3.60,1.33,0.43,-1.36,-4.98,-1.78,145.43,0.03,-0.09,1.02,1.71,-3.17,-3.60
-5.04,-1.89,145.40,0.03,-0.09,1.02,1.65,-3.23,-3.60,1.33,0.43,-1.36,-5.04,-1.89,145.40,0.03,-0.09,1.02,1.65,-3.23,-3.60
-5.13,-1.90,145.37,0.03,-0.09,1.01,1.77,-3.23,-3.54,1.33,0.43,-1.36,-9.13,-5.90,141.37,-3.97,-4.09,-2.99,-2.23,-7.23,-7.54
-5.13,-1.90,145.37,0.03,-0.09,1.01,1.77,-3.23,-3.54,1.33,0.43,-1.36,-9.13,-5.90,141.37,-3.97,-4.09,-2.99,-2.23,-7.23,-7.54
-5.20,-1.86,145.34,0.03,-0.09,1.02,1.77,-3.05,-3.54,1.33,0.43,-1.36,-7.20,-3.86,143.34,-1.97,-2.09,-0.98,-0.23,-5.05,-5.54
-5.20,-1.86,145.34,0.03,-0.09,1.02,1.77,-3.05,-3.54,1.33,0.43,-1.36,-7.20,-3.86,143.34,-1.97,-2.09,-0.98,-0.23,-5.05,-5.54
-5.11,-1.82,145.31,0.03,-0.09,1.01,1.77,-3.11,-3.48,1.33,0.43,-1.36,-9.11,-5.82,141.31,-3.97,-4.09,-2.99,-2.23,-7.11,-7.48
-5.11,-1.82,145.31,0.03,-0.09,1.01,1.77,-3.11,-3.48,1.33,0.43,-1.36,-9.11,-5.82,141.31,-3.97,-4.09,-2.99,-2.23,-7.11,-7.48
-5.04,-1.75,145.27,0.02,-0.09,1.01,1.83,-3.17,-3.54,1.33,0.43,-1.36,-2.04,1.25,148.27,3.02,2.91,4.01,4.83,-0.17,-0.54
-5.04,-1.75,145.27,0.02,-0.09,1.01,1.83,-3.17,-3.54,1.33,0.43,-1.36,-2.04,1.25,148.27,3.02,2.91,4.01,4.83,-0.17,-0.54
-4.98,-1.68,145.24,0.02,-0.09,1.01,1.77,-3.11,-3.60,1.33,0.43,-1.36,-1.98,1.32,148.24,3.02,2.91,4.01,4.77,-0.11,-0.60
-4.92,-1.61,145.21,0.02,-0.09,1.02,1.77,-3.11,-3.54,1.33,0.43,-1.36,-1.92,1.39,148.21,3.02,2.91,4.02,4.77,-0.11,-0.54
-4.98,-1.57,145.18,0.03,-0.09,1.02,1.77,-3.05,-3.54,1.33,0.43,-1.36,-1.98,1.43,148.18,3.03,2.91,4.02,4.77,-0.05,-0.54
-4.90,-1.51,145.15,0.03,-0.09,1.02,1.77,-3.17,-3.60,1.33,0.43,-1.36,-7.90,-4.51,142.15,-2.97,-3.09,-1.98,-1.23,-6.17,-6.60
-4.97,-1.60,145.12,0.03,-0.09,1.01,1.71,-3.11,-3.66,1.33,0.43,-1.36,-7.97,-4.60,142.12,-2.97,-3.09,-1.99,-1.29,-6.11,-6.66
-5.01,-1.73,145.09,0.03,-0.09,1.01,1.71,-3.11,-3.66,1.33,0.43,-1.36,-3.01,0.27,147.09,2.03,1.91,3.01,3.71,-1.11,-1.66
-5.01,-1.73,145.09,0.03,-0.09,1.01,1.71,-3.11,-3.66,1.33,0.43,-1.36,-3.01,0.27,147.09,2.03,1.91,3.01,3.71,-1.11,-1.66
-5.08,-1.70,145.06,0.03,-0.09,1.01,1.83,-3.17,-3.66,1.33,0.43,-1.36,-3.08,0.30,147.06,2.03,1.91,3.01,3.83,-1.17,-1.66
-5.08,-1.84,145.02,0.03,-0.09,1.02,1.65,-3.11,-3.60,1.33,0.43,-1.36,-5.08,-1.84,145.02,0.03,-0.09,1.02,1.65,-3.11,-3.60
-5.10,-1.98,144.99,0.03,-0.09,1.02,1.77,-3.11,-3.60,1.33,0.43,-1.36,-5.10,-1.98,144.99,0.03,-0.09,1.02,1.77,-3.11,-3.60
-5.10,-1.90,144.96,0.03,-0.09,1.02,1.77,-3.11,-3.54,1.33,0.43,-1.36,-6.10,-2.90,143.96,-0.97,-1.09,0.02,0.77,-4.11,-4.54
-5.16,-1.86,144.93,0.03,-0.09,1.01,1.83,-3.05,-3.48,1.33,0.43,-1.36,-6.16,-2.86,143.93,-0.97,-1.09,0.01,0.83,-4.05,-4.48
-5.04,-1.85,144.90,0.03,-0.09,1.01,1.71,-3.11,-3.54,1.33,0.43,-1.36,-4.04,-0.85,145.90,1.03,0.91,2.01,2.71,-2.11,-2.54
-5.00,-1.78,144.87,0.03,-0.09,1.01,1.83,-3.11,-3.48,1.33,0.43,-1.36,-4.00,-0.78,145.87,1.03,0.91,2.01,2.83,-2.11,-2.48
-4.99,-1.70,144.84,0.03,-0.09,1.01,1.77,-3.05,-3.54,1.33,0.43,-1.36,-3.99,-0.70,145.84,1.03,0.91,2.01,2.77,-2.05,-2.54
-4.98,-1.62,144.81,0.03,-0.09,1.02,1.83,-3.17,-3.54,1.33,0.43,-1.36,-3.98,-0.62,145.81,1.03,0.91,2.02,2.83,-2.17,-2.54
-4.98,-1.55,144.78,0.03,-0.09,1.02,1.71,-3.17,-3.54,1.33,0.43,-1.36,-3.98,-0.55,145.78,1.03,0.91,2.02,2.71,-2.17,-2.54
-4.98,-1.55,144.78,0.03,-0.09,1.02,1.71,-3.17,-3.54,1.33,0.43,-1.36,-3.98,-0.55,145.78,1.03,0.91,2.02,2.71,-2.17,-2.54
-4.89,-1.50,144.74,0.02,-0.09,1.02,1.71,-3.05,-3.60,1.33,0.43,-1.36,-3.89,-0.50,145.74,1.02,0.91,2.02,2.71,-2.05,-2.60
-4.98,-1.52,144.71,0.03,-0.09,1.01,1.71,-3.17,-3.66,1.33,0.43,-1.36,-8.98,-5.52,140.71,-3.97,-4.09,-2.99,-2.29,-7.17,-7.66
-4.88,-1.48,144.68,0.03,-0.09,1.01,1.77,-3.11,-3.66,1.33,0.43,-1.36,-8.88,-5.48,140.68,-3.97,-4.09,-2.99,-2.23,-7.11,-7.66
-4.95,-1.58,144.65,0.03,-0.09,1.02,1.71,-3.17,-3.66,1.33,0.43,-1.36,-6.95,-3.58,142.65,-1.97,-2.09,-0.98,-0.29,-5.17,-5.66
-4.89,-1.72,144.61,0.03,-0.09,1.02,1.83,-3.17,-3.72,1.33,0.43,-1.36,-6.89,-3.72,142.61,-1.97,-2.09,-0.98,-0.17,-5.17,-5.72
-4.98,-1.78,144.58,0.03,-0.09,1.02,1.65,-3.17,-3.66,1.33,0.43,-1.36,-3.98,-0.78,145.58,1.03,0.91,2.02,2.65,-2.17,-2.66
-4.98,-1.78,144.58,0.03,-0.09,1.02,1.65,-3.17,-3.66,1.33,0.43,-1.36,-3.98,-0.78,145.58,1.03,0.91,2.02,2.65,-2.17,-2.66
-5.05,-1.88,144.55,0.03,-0.09,1.01,1.71,-3.17,-3.60,1.33,0.43,-1.36,-4.05,-0.88,145.55,1.03,0.91,2.01,2.71,-2.17,-2.60
-5.08,-2.01,144.53,0.03,-0.09,1.01,1.77,-3.11,-3.48,1.33,0.43,-1.36,-2.08,0.99,147.53,3.03,2.91,4.01,4.77,-0.11,-0.48
-5.08,-2.01,144.53,0.03,-0.09,1.01,1.77,-3.11,-3.48,1.33,0.43,-1.36,-2.08,0.99,147.53,3.03,2.91,4.01,4.77,-0.11,-0.48
-5.02,-1.94,144.49,0.03,-0.09,1.02,1.77,-3.17,-3.42,1.34,0.43,-1.36,-9.02,-5.94,140.49,-3.97,-4.09,-2.98,-2.23,-7.17,-7.42
-5.03,-1.87,144.46,0.03,-0.09,1.01,1.77,-3.05,-3.54,1.34,0.43,-1.36,-9.03,-5.87,140.46,-3.97,-4.09,-2.99,-2.23,-7.05,-7.54
-5.02,-1.79,144.43,0.03,-0.09,1.01,1.83,-3.17,-3.54,1.34,0.43,-1.36,-2.02,1.21,147.43,3.03,2.91,4.01,4.83,-0.17,-0.54
-4.99,-1.72,144.40,0.03,-0.09,1.01,1.71,-3.17,-3.54,1.34,0.43,-1.36,-1.99,1.28,147.40,3.03,2.91,4.01,4.71,-0.17,-0.54
-4.93,-1.65,144.37,0.02,-0.09,1.02,1.89,-3.11,-3.60,1.34,0.43,-1.36,-1.93,1.35,147.37,3.02,2.91,4.02,4.89,-0.11,-0.60
-4.93,-1.65,144.37,0.02,-0.09,1.02,1.89,-3.11,-3.60,1.34,0.43,-1.36,-1.93,1.35,147.37,3.02,2.91,4.02,4.89,-0.11,-0.60
-4.88,-1.58,144.34,0.02,-0.09,1.02,1.77,-3.17,-3.66,1.34,0.43,-1.36,-7.88,-4.58,141.34,-2.98,-3.09,-1.98,-1.23,-6.17,-6.66
-4.93,-1.52,144.30,0.03,-0.09,1.01,1.77,-3.17,-3.66,1.34,0.43,-1.36,-7.93,-4.52,141.30,-2.97,-3.09,-1.99,-1.23,-6.17,-6.66
-5.01,-1.60,144.28,0.03,-0.09,1.01,1.71,-3.11,-3.54,1.34,0.43,-1.36,-5.01,-1.60,144.28,0.03,-0.09,1.01,1.71,-3.11,-3.54
-4.96,-1.53,144.24,0.03,-0.09,1.01,1.71,-3.23,-3.60,1.34,0.43,-1.36,-4.96,-1.53,144.24,0.03,-0.09,1.01,1.71,-3.23,-3.60
-5.01,-1.66,144.21,0.03,-0.09,1.02,1.77,-3.17,-3.66,1.34,0.43,-1.36,-4.01,-0.66,145.21,1.03,0.91,2.02,2.77,-2.17,-2.66
-5.01,-1.66,144.21,0.03,-0.09,1.02,1.77,-3.17,-3.66,1.34,0.43,-1.36,-4.01,-0.66,145.21,1.03,0.91,2.02,2.77,-2.17,-2.66
-5.05,-1.78,144.18,0.03,-0.09,1.02,1.77,-3.11,-3.60,1.34,0.43,-1.36,-4.05,-0.78,145.18,1.03,0.91,2.02,2.77,-2.11,-2.60
-5.06,-1.92,144.15,0.03,-0.09,1.01,1.77,-3.17,-3.54,1.33,0.43,-1.35,-3.06,0.08,146.15,2.03,1.91,3.01,3.77,-1.17,-1.54
-5.06,-1.92,144.15,0.03,-0.09,1.01,1.77,-3.17,-3.54,1.33,0.43,-1.35,-3.06,0.08,146.15,2.03,1.91,3.01,3.77,-1.17,-1.54
-5.00,-1.85,144.12,0.03,-0.09,1.01,1.77,-3.23,-3.60,1.33,0.43,-1.35,-4.00,-0.85,145.12,1.03,0.91,2.01,2.77,-2.23,-2.60
-5.00,-1.85,144.12,0.03,-0.09,1.01,1.77,-3.23,-3.60,1.33,0.43,-1.35,-4.00,-0.85,145.12,1.03,0.91,2.01,2.77,-2.23,-2.60
-5.09,-1.85,144.09,0.03,-0.09,1.01,1.71,-3.17,-3.54,1.33,0.43,-1.35,-4.09,-0.85,145.09,1.03,0.91,2.01,2.71,-2.17,-2.54
-4.99,-1.80,144.06,0.03,-0.09,1.02,1.77,-3.05,-3.60,1.33,0.43,-1.35,-3.99,-0.80,145.06,1.03,0.91,2.02,2.77,-2.05,-2.60
-4.99,-1.80,144.06,0.03,-0.09,1.02,1.77,-3.05,-3.60,1.33,0.43,-1.35,-3.99,-0.80,145.06,1.03,0.91,2.02,2.77,-2.05,-2.60
-5.02,-1.73,144.03,0.03,-0.09,1.01,1.77,-2.99,-3.54,1.33,0.43,-1.35,-4.02,-0.73,145.03,1.03,0.91,2.01,2.77,-1.99,-2.54
-4.99,-1.66,143.99,0.03,-0.09,1.02,1.71,-3.11,-3.54,1.33,0.43,-1.35,-1.99,1.34,146.99,3.03,2.91,4.02,4.71,-0.11,-0.54
-4.95,-1.58,143.96,0.02,-0.09,1.02,1.71,-2.99,-3.54,1.33,0.43,-1.35,-1.95,1.42,146.96,3.02,2.91,4.02,4.71,0.01,-0.54
-4.90,-1.51,143.93,0.03,-0.09,1.01,1.77,-3.11,-3.60,1.33,0.43,-1.35,-3.90,-0.51,144.93,1.03,0.91,2.01,2.77,-2.11,-2.60
-4.93,-1.44,143.90,0.02,-0.09,1.01,1.71,-3.11,-3.54,1.33,0.43,-1.35,-3.93,-0.44,144.90,1.02,0.91,2.01,2.71,-2.11,-2.54
-4.98,-1.57,143.87,0.03,-0.09,1.01,1.77,-3.17,-3.60,1.33,0.43,-1.35,-8.98,-5.57,139.87,-3.97,-4.09,-2.99,-2.23,-7.17,-7.60
-4.98,-1.57,143.87,0.03,-0.09,1.01,1.77,-3.17,-3.60,1.33,0.43,-1.35,-8.98,-5.57,139.87,-3.97,-4.09,-2.99,-2.23,-7.17,-7.60
-5.04,-1.68,143.84,0.03,-0.09,1.02,1.71,-3.23,-3.72,1.33,0.43,-1.35,-7.04,-3.68,141.84,-1.97,-2.09,-0.98,-0.29,-5.23,-5.72
-4.97,-1.62,143.80,0.03,-0.09,1.02,1.77,-3.11,-3.66,1.33,0.43,-1.35,-6.97,-3.62,141.80,-1.97,-2.09,-0.98,-0.23,-5.11,-5.66
-4.98,-1.76,143.77,0.03,-0.09,1.02,1.65,-3.11,-3.60,1.33,0.43,-1.35,-7.98,-4.76,140.77,-2.97,-3.09,-1.98,-1.35,-6.11,-6.60
-5.06,-1.85,143.75,0.03,-0.09,1.02,1.71,-3.17,-3.54,1.33,0.43,-1.35,-8.06,-4.85,140.75,-2.97,-3.09,-1.98,-1.29,-6.17,-6.54
-5.06,-1.99,143.71,0.03,-0.09,1.01,1.77,-3.11,-3.60,1.33,0.43,-1.35,-2.06,1.01,146.71,3.03,2.91,4.01,4.77,-0.11,-0.60
-5.06,-1.99,143.71,0.03,-0.09,1.01,1.77,-3.11,-3.60,1.33,0.43,-1.35,-2.06,1.01,146.71,3.03,2.91,4.01,4.77,-0.11,-0.60
-5.08,-1.92,143.68,0.03,-0.09,1.01,1.77,-3.11,-3.54,1.33,0.43,-1.35,-4.08,-0.92,144.68,1.03,0.91,2.01,2.77,-2.11,-2.54
-5.08,-1.92,143.68,0.03,-0.09,1.01,1.77,-3.11,-3.54,1.33,0.43,-1.35,-4.08,-0.92,144.68,1.03,0.91,2.01,2.77,-2.11,-2.54
-5.06,-1.85,143.65,0.03,-0.09,1.02,1.77,-3.17,-3.48,1.33,0.43,-1.35,-4.06,-0.85,144.65,1.03,0.91,2.02,2.77,-2.17,-2.48
-5.04,-1.77,143.62,0.03,-0.09,1.01,1.77,-3.17,-3.54,1.33,0.43,-1.35,-3.04,0.23,145.62,2.03,1.91,3.01,3.77,-1.17,-1.54
-5.04,-1.77,143.62,0.03,-0.09,1.01,1.77,-3.17,-3.54,1.33,0.43,-1.35,-3.04,0.23,145.62,2.03,1.91,3.01,3.77,-1.17,-1.54
-4.97,-1.70,143.59,0.03,-0.09,1.01,1.77,-3.05,-3.42,1.33,0.43,-1.35,-2.97,0.30,145.59,2.03,1.91,3.01,3.77,-1.05,-1.42
-4.96,-1.63,143.56,0.02,-0.09,1.02,1.65,-3.11,-3.54,1.33,0.43,-1.35,-6.96,-3.63,141.56,-1.98,-2.09,-0.98,-0.35,-5.11,-5.54
-4.92,-1.55,143.53,0.02,-0.09,1.02,1.83,-3.17,-3.60,1.33,0.43,-1.35,-6.92,-3.55,141.53,-1.98,-2.09,-0.98,-0.17,-5.17,-5.60
-4.96,-1.49,143.50,0.03,-0.09,1.02,1.83,-3.17,-3.66,1.33,0.43,-1.36,-8.96,-5.49,139.50,-3.97,-4.09,-2.98,-2.17,-7.17,-7.66
-4.86,-1.45,143.46,0.03,-0.09,1.02,1.77,-3.17,-3.72,1.33,0.43,-1.36,-8.86,-5.45,139.46,-3.97,-4.09,-2.98,-2.23,-7.17,-7.72
-4.94,-1.54,143.43,0.03,-0.09,1.02,1.71,-3.17,-3.72,1.33,0.43,-1.36,-4.94,-1.54,143.43,0.03,-0.09,1.02,1.71,-3.17,-3.72
-4.98,-1.67,143.40,0.03,-0.09,1.02,1.71,-3.17,-3.66,1.33,0.43,-1.36,-4.98,-1.67,143.40,0.03,-0.09,1.02,1.71,-3.17,-3.66
-5.07,-1.73,143.37,0.03,-0.09,1.02,1.71,-3.17,-3.66,1.33,0.43,-1.36,-8.07,-4.73,140.37,-2.97,-3.09,-1.98,-1.29,-6.17,-6.66
-4.97,-1.84,143.34,0.03,-0.09,1.02,1.71,-3.23,-3.60,1.33,0.43,-1.36,-7.97,-4.84,140.34,-2.97,-3.09,-1.98,-1.29,-6.23,-6.60
-5.06,-1.90,143.31,0.03,-0.09,1.01,1.83,-3.17,-3.60,1.33,0.43,-1.36,-4.06,-0.90,144.31,1.03,0.91,2.01,2.83,-2.17,-2.60
-5.06,-1.90,143.31,0.03,-0.09,1.01,1.83,-3.17,-3.60,1.33,0.43,-1.36,-4.06,-0.90,144.31,1.03,0.91,2.01,2.83,-2.17,-2.60
-5.15,-1.92,143.28,0.03,-0.09,1.02,1.77,-3.11,-3.54,1.33,0.43,-1.36,-5.15,-1.92,143.28,0.03,-0.09,1.02,1.77,-3.11,-3.54
-5.07,-1.86,143.25,0.03,-0.09,1.02,1.83,-3.11,-3.48,1.33,0.43,-1.36,-5.07,-1.86,143.25,0.03,-0.09,1.02,1.83,-3.11,-3.48
-5.04,-1.79,143.22,0.03,-0.09,1.01,1.77,-3.17,-3.48,1.33,0.43,-1.36,-5.04,-1.79,143.22,0.03,-0.09,1.01,1.77,-3.17,-3.48
-4.99,-1.71,143.18,0.03,-0.09,1.01,1.77,-3.05,-3.48,1.33,0.43,-1.36,-4.99,-1.71,143.18,0.03,-0.09,1.01,1.77,-3.05,-3.48
-4.99,-1.64,143.15,0.03,-0.09,1.01,1.77,-3.23,-3.54,1.33,0.43,-1.36,-6.99,-3.64,141.15,-1.97,-2.09,-0.99,-0.23,-5.23,-5.54
-4.99,-1.64,143.15,0.03,-0.09,1.01,1.77,-3.23,-3.54,1.33,0.43,-1.36,-6.99,-3.64,141.15,-1.97,-2.09,-0.99,-0.23,-5.23,-5.54
-4.98,-1.56,143.12,0.02,-0.09,1.02,1.71,-3.23,-3.54,1.33,0.43,-1.36,-3.98,-0.56,144.12,1.02,0.91,2.02,2.71,-2.23,-2.54
-4.98,-1.56,143.12,0.02,-0.09,1.02,1.71,-3.23,-3.54,1.33,0.43,-1.36,-3.98,-0.56,144.12,1.02,0.91,2.02,2.71,-2.23,-2.54
-4.93,-1.49,143.09,0.02,-0.09,1.02,1.71,-3.17,-3.48,1.33,0.43,-1.36,-3.93,-0.49,144.09,1.02,0.91,2.02,2.71,-2.17,-2.48
-5.02,-1.54,143.06,0.03,-0.09,1.01,1.77,-3.23,-3.60,1.33,0.43,-1.36,-9.02,-5.54,139.06,-3.97,-4.09,-2.99,-2.23,-7.23,-7.60
-5.02,-1.54,143.06,0.03,-0.09,1.01,1.77,-3.23,-3.60,1.33,0.43,-1.36,-9.02,-5.54,139.06,-3.97,-4.09,-2.99,-2.23,-7.23,-7.60
-5.10,-1.62,143.03,0.03,-0.09,1.01,1.71,-3.11,-3.66,1.33,0.43,-1.36,-2.10,1.38,146.03,3.03,2.91,4.01,4.71,-0.11,-0.66
-5.10,-1.62,143.03,0.03,-0.09,1.01,1.71,-3.11,-3.66,1.33,0.43,-1.36,-2.10,1.38,146.03,3.03,2.91,4.01,4.71,-0.11,-0.66
-4.98,-1.61,143.00,0.03,-0.09,1.02,1.77,-3.17,-3.60,1.33,0.43,-1.36,-1.98,1.39,146.00,3.03,2.91,4.02,4.77,-0.17,-0.60
-5.02,-1.74,142.97,0.03,-0.09,1.01,1.71,-3.17,-3.66,1.33,0.43,-1.36,-2.02,1.26,145.97,3.03,2.91,4.01,4.71,-0.17,-0.66
-5.04,-1.88,142.94,0.03,-0.09,1.01,1.65,-3.23,-3.60,1.33,0.43,-1.36,-2.04,1.12,145.94,3.03,2.91,4.01,4.65,-0.23,-0.60
-5.13,-1.95,142.91,0.03,-0.09,1.01,1.71,-3.17,-3.54,1.33,0.43,-1.36,-8.13,-4.95,139.91,-2.97,-3.09,-1.99,-1.29,-6.17,-6.54
-5.03,-1.91,142.87,0.03,-0.09,1.02,1.83,-3.17,-3.60,1.33,0.43,-1.36,-8.03,-4.91,139.87,-2.97,-3.09,-1.98,-1.17,-6.17,-6.60
-5.11,-1.90,142.85,0.03,-0.09,1.02,1.71,-3.05,-3.48,1.33,0.43,-1.36,-5.11,-1.90,142.85,0.03,-0.09,1.02,1.71,-3.05,-3.48
-5.11,-1.90,142.85,0.03,-0.09,1.02,1.71,-3.05,-3.48,1.33,0.43,-1.36,-5.11,-1.90,142.85,0.03,-0.09,1.02,1.71,-3.05,-3.48
-5.07,-1.83,142.81,0.03,-0.09,1.01,1.77,-3.11,-3.60,1.33,0.43,-1.36,-6.07,-2.83,141.81,-0.97,-1.09,0.01,0.77,-4.11,-4.60
-5.07,-1.83,142.81,0.03,-0.09,1.01,1.77,-3.11,-3.60,1.33,0.43,-1.36,-6.07,-2.83,141.81,-0.97,-1.09,0.01,0.77,-4.11,-4.60
-5.02,-1.75,142.78,0.03,-0.09,1.02,1.77,-3.17,-3.54,1.33,0.43,-1.36,-7.02,-3.75,140.78,-1.97,-2.09,-0.98,-0.23,-5.17,-5.54
-4.98,-1.68,142.75,0.02,-0.09,1.02,1.83,-3.05,-3.60,1.33,0.43,-1.36,-6.98,-3.68,140.75,-1.98,-2.09,-0.98,-0.17,-5.05,-5.60
-4.93,-1.60,142.72,0.02,-0.09,1.02,1.77,-3.11,-3.54,1.33,0.43,-1.36,-4.93,-1.60,142.72,0.02,-0.09,1.02,1.77,-3.11,-3.54
-4.94,-1.53,142.69,0.02,-0.09,1.02,1.83,-3.17,-3.60,1.33,0.43,-1.36,-4.94,-1.53,142.69,0.02,-0.09,1.02,1.83,-3.17,-3.60
-4.87,-1.47,142.65,0.02,-0.09,1.01,1.77,-3.23,-3.60,1.33,0.43,-1.36,-4.87,-1.47,142.65,0.02,-0.09,1.01,1.77,-3.23,-3.60
-4.87,-1.47,142.65,0.02,-0.09,1.01,1.77,-3.23,-3.60,1.33,0.43,-1.36,-4.87,-1.47,142.65,0.02,-0.09,1.01,1.77,-3.23,-3.60
-4.96,-1.46,142.62,0.03,-0.09,1.01,1.77,-3.11,-3.60,1.33,0.43,-1.36,-8.96,-5.46,138.62,-3.97,-4.09,-2.99,-2.23,-7.11,-7.60
-4.96,-1.46,142.62,0.03,-0.09,1.01,1.77,-3.11,-3.60,1.33,0.43,-1.36,-8.96,-5.46,138.62,-3.97,-4.09,-2.99,-2.23,-7.11,-7.60
-4.95,-1.61,142.59,0.03,-0.09,1.02,1.71,-3.17,-3.60,1.33,0.43,-1.36,-1.95,1.39,145.59,3.03,2.91,4.02,4.71,-0.17,-0.60
-4.99,-1.73,142.56,0.03,-0.09,1.01,1.77,-3.11,-3.60,1.33,0.43,-1.36,-1.99,1.27,145.56,3.03,2.91,4.01,4.77,-0.11,-0.60
-5.06,-1.84,142.53,0.03,-0.09,1.01,1.71,-3.11,-3.60,1.33,0.43,-1.36,-4.06,-0.84,143.53,1.03,0.91,2.01,2.71,-2.11,-2.60
-5.13,-1.93,142.50,0.03,-0.09,1.01,1.71,-3.11,-3.54,1.33,0.43,-1.36,-4.13,-0.93,143.50,1.03,0.91,2.01,2.71,-2.11,-2.54
-5.11,-1.86,142.47,0.03,-0.09,1.01,1.71,-3.11,-3.54,1.33,0.43,-1.36,-6.11,-2.86,141.47,-0.97,-1.09,0.01,0.71,-4.11,-4.54
-5.11,-1.86,142.47,0.03,-0.09,1.01,1.71,-3.11,-3.54,1.33,0.43,-1.36,-6.11,-2.86,141.47,-0.97,-1.09,0.01,0.71,-4.11,-4.54
-5.17,-1.81,142.44,0.03,-0.09,1.02,1.71,-3.11,-3.54,1.33,0.43,-1.36,-6.17,-2.81,141.44,-0.97,-1.09,0.02,0.71,-4.11,-4.54
-5.17,-1.81,142.44,0.03,-0.09,1.02,1.71,-3.11,-3.54,1.33,0.43,-1.36,-6.17,-2.81,141.44,-0.97,-1.09,0.02,0.71,-4.11,-4.54
-5.08,-1.75,142.41,0.03,-0.09,1.01,1.83,-3.11,-3.60,1.33,0.43,-1.36,-9.08,-5.75,138.41,-3.97,-4.09,-2.99,-2.17,-7.11,-7.60
-5.01,-1.69,142.38,0.02,-0.09,1.01,1.89,-3.11,-3.48,1.33,0.43,-1.36,-9.01,-5.69,138.38,-3.98,-4.09,-2.99,-2.11,-7.11,-7.48
-4.99,-1.61,142.35,0.03,-0.09,1.02,1.71,-3.11,-3.48,1.33,0.43,-1.36,-8.99,-5.61,138.35,-3.97,-4.09,-2.98,-2.29,-7.11,-7.48
-4.93,-1.54,142.31,0.02,-0.09,1.02,1.77,-3.05,-3.54,1.33,0.43,-1.36,-8.93,-5.54,138.31,-3.98,-4.09,-2.98,-2.23,-7.05,-7.54
-4.88,-1.47,142.28,0.03,-0.09,1.02,1.77,-3.17,-3.66,1.34,0.42,-1.36,-7.88,-4.47,139.28,-2.97,-3.09,-1.98,-1.23,-6.17,-6.66
-4.88,-1.47,142.28,0.03,-0.09,1.02,1.77,-3.17,-3.66,1.34,0.42,-1.36,-7.88,-4.47,139.28,-2.97,-3.09,-1.98,-1.23,-6.17,-6.66
-4.96,-1.55,142.25,0.03,-0.09,1.01,1.77,-3.23,-3.60,1.34,0.42,-1.36,-5.96,-2.55,141.25,-0.97,-1.09,0.01,0.77,-4.23,-4.60
-4.86,-1.66,142.22,0.03,-0.09,1.02,1.77,-3.17,-3.72,1.34,0.42,-1.36,-5.86,-2.66,141.22,-0.97,-1.09,0.02,0.77,-4.17,-4.72
-4.96,-1.70,142.19,0.03,-0.09,1.02,1.77,-3.11,-3.66,1.34,0.42,-1.36,-4.96,-1.70,142.19,0.03,-0.09,1.02,1.77,-3.11,-3.66
-5.02,-1.81,142.16,0.03,-0.09,1.02,1.77,-3.11,-3.66,1.34,0.42,-1.36,-5.02,-1.81,142.16,0.03,-0.09,1.02,1.77,-3.11,-3.66
-5.10,-1.89,142.13,0.03,-0.09,1.02,1.77,-3.11,-3.66,1.34,0.42,-1.36,-8.10,-4.89,139.13,-2.97,-3.09,-1.98,-1.23,-6.11,-6.66
-5.18,-1.96,142.10,0.03,-0.09,1.01,1.77,-3.17,-3.60,1.34,0.42,-1.36,-8.18,-4.96,139.10,-2.97,-3.09,-1.99,-1.23,-6.17,-6.60
-5.25,-1.92,142.07,0.03,-0.09,1.01,1.77,-3.05,-3.48,1.34,0.42,-1.36,-3.25,0.08,144.07,2.03,1.91,3.01,3.77,-1.05,-1.48
-5.14,-1.89,142.04,0.03,-0.09,1.02,1.77,-3.11,-3.48,1.34,0.42,-1.36,-3.14,0.11,144.04,2.03,1.91,3.02,3.77,-1.11,-1.48
-5.06,-1.83,142.00,0.03,-0.09,1.02,1.83,-3.11,-3.60,1.34,0.42,-1.36,-3.06,0.17,144.00,2.03,1.91,3.02,3.83,-1.11,-1.60
-5.11,-1.78,141.98,0.03,-0.09,1.02,1.77,-3.17,-3.48,1.34,0.42,-1.36,-3.11,0.22,143.98,2.03,1.91,3.02,3.77,-1.17,-1.48
-5.09,-1.70,141.94,0.03,-0.09,1.01,1.77,-3.11,-3.60,1.34,0.42,-1.36,-6.09,-2.70,140.94,-0.97,-1.09,0.01,0.77,-4.11,-4.60
-5.09,-1.70,141.94,0.03,-0.09,1.01,1.77,-3.11,-3.60,1.34,0.42,-1.36,-6.09,-2.70,140.94,-0.97,-1.09,0.01,0.77,-4.11,-4.60
-5.03,-1.63,141.91,0.02,-0.09,1.01,1.83,-3.17,-3.54,1.34,0.42,-1.36,-4.03,-0.63,142.91,1.02,0.91,2.01,2.83,-2.17,-2.54
-4.96,-1.56,141.88,0.02,-0.09,1.02,1.83,-3.11,-3.60,1.34,0.42,-1.36,-3.96,-0.56,142.88,1.02,0.91,2.02,2.83,-2.11,-2.60
-4.93,-1.49,141.85,0.02,-0.09,1.02,1.83,-3.23,-3.60,1.34,0.42,-1.36,-4.93,-1.49,141.85,0.02,-0.09,1.02,1.83,-3.23,-3.60
-4.93,-1.41,141.81,0.02,-0.09,1.02,1.77,-3.17,-3.66,1.34,0.42,-1.36,-4.93,-1.41,141.81,0.02,-0.09,1.02,1.77,-3.17,-3.66
-4.82,-1.52,141.78,0.03,-0.09,1.02,1.77,-3.23,-3.66,1.34,0.42,-1.36,-1.82,1.48,144.78,3.03,2.91,4.02,4.77,-0.23,-0.66
-4.82,-1.52,141.78,0.03,-0.09,1.02,1.77,-3.23,-3.66,1.34,0.42,-1.36,-1.82,1.48,144.78,3.03,2.91,4.02,4.77,-0.23,-0.66
-4.91,-1.58,141.75,0.03,-0.09,1.01,1.71,-3.05,-3.72,1.34,0.42,-1.36,-1.91,1.42,144.75,3.03,2.91,4.01,4.71,-0.05,-0.72
-4.98,-1.68,141.72,0.03,-0.09,1.01,1.71,-3.11,-3.60,1.34,0.42,-1.36,-7.98,-4.68,138.72,-2.97,-3.09,-1.99,-1.29,-6.11,-6.60
-4.98,-1.68,141.72,0.03,-0.09,1.01,1.71,-3.11,-3.60,1.34,0.42,-1.36,-7.98,-4.68,138.72,-2.97,-3.09,-1.99,-1.29,-6.11,-6.60
-5.01,-1.81,141.69,0.03,-0.09,1.01,1.71,-3.17,-3.60,1.34,0.42,-1.36,-3.01,0.19,143.69,2.03,1.91,3.01,3.71,-1.17,-1.60
-5.01,-1.81,141.69,0.03,-0.09,1.01,1.71,-3.17,-3.60,1.34,0.42,-1.36,-3.01,0.19,143.69,2.03,1.91,3.01,3.71,-1.17,-1.60
-5.04,-1.94,141.66,0.03,-0.09,1.02,1.77,-3.23,-3.66,1.34,0.42,-1.36,-3.04,0.06,143.66,2.03,1.91,3.02,3.77,-1.23,-1.66
-5.11,-1.91,141.63,0.03,-0.09,1.02,1.77,-3.05,-3.60,1.33,0.43,-1.36,-8.11,-4.91,138.63,-2.97,-3.09,-1.98,-1.23,-6.05,-6.60
-5.11,-1.91,141.63,0.03,-0.09,1.02,1.77,-3.05,-3.60,1.33,0.43,-1.36,-8.11,-4.91,138.63,-2.97,-3.09,-1.98,-1.23,-6.05,-6.60
-5.12,-1.83,141.60,0.03,-0.09,1.01,1.71,-3.17,-3.54,1.33,0.43,-1.36,-2.12,1.17,144.60,3.03,2.91,4.01,4.71,-0.17,-0.54
-5.12,-1.83,141.60,0.03,-0.09,1.01,1.71,-3.17,-3.54,1.33,0.43,-1.36,-2.12,1.17,144.60,3.03,2.91,4.01,4.71,-0.17,-0.54
-5.06,-1.77,141.57,0.03,-0.09,1.02,1.83,-3.11,-3.54,1.33,0.43,-1.36,-2.06,1.23,144.57,3.03,2.91,4.02,4.83,-0.11,-0.54
-5.05,-1.69,141.54,0.03,-0.09,1.01,1.77,-3.05,-3.54,1.33,0.43,-1.36,-2.05,1.31,144.54,3.03,2.91,4.01,4.77,-0.05,-0.54
-4.93,-1.67,141.50,0.03,-0.08,0.99,1.83,-3.23,-3.60,1.33,0.43,-1.36,-1.93,1.33,144.50,3.03,2.92,3.99,4.83,-0.23,-0.60
